<Hierarchy>:
	<Frame>: 0 0 Boss_Run
		<Transform>: 0 0 0 0 0 0 1 1 1 0 0 0 1  
		<TransformMatrix>: 1 0 0 0 0 1 0 0 0 0 1 0 0 0 0 1  
		<Children>: 2
			<Frame>: 1 0 Bip001
				<Transform>: 0 0.6783289 0 280 -7.8667E-05 90 1 1 1 -0.4545198 0.4545191 0.5416749 0.5416755  
				<TransformMatrix>: 1.311302E-06 0.1736481 -0.9848077 0 -1 0 -1.311302E-06 0 -2.384186E-07 0.9848077 0.1736482 0 0 0.6783289 0 1  
				<Children>: 1
					<Frame>: 2 0 Bip001_Pelvis
						<Transform>: 0 0 0 270.2683 89.99928 0.0003622853 1 1 1 -0.4988207 0.5011766 0.49882 0.5011773  
						<TransformMatrix>: 1.311302E-06 2.980232E-08 -1 0 -0.999989 0.004713178 -1.400709E-06 0 0.004713237 0.999989 0 0 0 0 0 1  
						<Children>: 1
							<Frame>: 3 0 Bip001_Spine
								<Transform>: -0.07256973 -7.977486E-05 -1.555228E-06 1.267864 0.06135191 2.168112 1 1 1 0.01107212 0.0003259461 0.01891213 0.9997598  
								<TransformMatrix>: 0.9992846 0.0378224 -0.0002329408 0 -0.03780796 0.9990396 0.02215126 0 0.001070531 -0.0221266 0.9997546 0 -0.07256973 -7.977486E-05 -1.555228E-06 1  
								<Children>: 3
									<Frame>: 4 0 Bip001_L_Thigh
										<Transform>: 0.07249924 -0.0006047327 0.09942583 3.979193 177.9525 336.9102 0.9999999 1 1 -0.1993752 0.9791454 -0.03758384 0.01054763  
										<TransformMatrix>: -0.9202765 -0.3912274 -0.005668757 0 -0.3896418 0.9176739 -0.07780595 0 0.03564189 -0.0693942 -0.9969524 0 0.07249924 -0.0006047327 0.09942583 1  
										<Children>: 1
											<Frame>: 5 0 Bip001_L_Calf
												<Transform>: -0.2487985 1.412818E-08 8.123894E-09 2.430005E-08 1.175893E-07 15.60121 1 0.9999999 1 3.493723E-10 9.878831E-10 0.135726 0.9907464  
												<TransformMatrix>: 0.9631569 0.2689402 -1.862645E-09 0 -0.2689401 0.9631568 9.604416E-10 0 2.052321E-09 -4.241159E-10 1 0 -0.2487985 1.412818E-08 8.123894E-09 1  
												<Children>: 1
													<Frame>: 6 0 Bip001_L_Foot
														<Transform>: -0.2435701 8.566795E-10 2.347116E-09 357.262 1.705225 354.1235 1 0.9999999 1 -0.02461966 0.01363202 -0.05088446 0.998308  
														<TransformMatrix>: 0.9944499 -0.102268 -0.0247124 0 0.1009255 0.9936092 -0.05054332 0 0.02972343 0.04776869 0.9984161 0 -0.2435701 8.566795E-10 2.347116E-09 1  
														<Children>: 1
															<Frame>: 7 0 Bip001_L_Toe0
																<Transform>: -0.1457944 0.2430618 0 -2.178943E-05 -2.608719E-06 274.3933 1 1 1 -1.240415E-07 -1.459057E-07 -0.6794839 0.7336904  
																<TransformMatrix>: 0.07660329 -0.9970617 3.826677E-07 0 0.9970617 0.07660329 1.626492E-08 0 -4.553074E-08 3.802973E-07 1 0 -0.1457944 0.2430618 0 1  
																<Children>: 1
																	<Frame>: 8 0 Bip001_L_Toe0Nub
																		<Transform>: -0.009466019 0 0 1.694346E-29 1.383539E-13 180 -1 -1 -1 1.207365E-15 -7.39298E-32 1 6.123234E-17  
																		<TransformMatrix>: 1 -1.224647E-16 -2.41473E-15 0 1.224647E-16 1 -1.175494E-38 0 -2.41473E-15 2.957192E-31 -1 0 -0.009466019 0 0 1  
																		<Children>: 0
																	</Frame>
															</Frame>
													</Frame>
											</Frame>
									</Frame>
									<Frame>: 9 0 Bip001_R_Thigh
										<Transform>: 0.07254227 -0.004723846 -0.09928063 359.2884 180.5425 347.73 1 0.9999999 1 -0.1068387 0.9942457 0.006680345 -0.004043673  
										<TransformMatrix>: -0.9771384 -0.2125018 0.00661337 0 -0.2123937 0.9770817 0.01414785 0 -0.009468246 0.01241977 -0.9998782 0 0.07254227 -0.004723846 -0.09928063 1  
										<Children>: 1
											<Frame>: 10 0 Bip001_R_Calf
												<Transform>: -0.2487985 0 0 -1.33117E-07 8.691242E-09 86.26434 1 1 1 -7.959038E-10 8.495616E-10 0.6836836 0.7297785  
												<TransformMatrix>: 0.06515336 0.9978753 -2.328277E-09 0 -0.9978753 0.06515336 -4.32987E-15 0 1.516908E-10 2.32333E-09 1 0 -0.2487985 0 0 1  
												<Children>: 1
													<Frame>: 11 0 Bip001_R_Foot
														<Transform>: -0.2435702 3.814697E-08 -9.536743E-09 0.06776916 357.7575 350.6638 1 1 1 0.002181835 -0.01945507 -0.08135594 0.9964929  
														<TransformMatrix>: 0.9860057 -0.1622262 0.03841867 0 0.1620564 0.9867532 0.007513938 0 -0.03912868 -0.001182795 0.9992335 0 -0.2435702 3.814697E-08 -9.536743E-09 1  
														<Children>: 1
															<Frame>: 12 0 Bip001_R_Toe0
																<Transform>: -0.1457944 0.2430618 0 1.188413E-06 3.05714E-06 325.6066 0.9999999 1 1 2.019642E-09 2.85521E-08 -0.2956527 0.9552955  
																<TransformMatrix>: 0.8251789 -0.5648714 -5.574561E-08 0 0.5648714 0.8251789 -1.30243E-08 0 5.335716E-08 -2.074172E-08 1 0 -0.1457944 0.2430618 0 1  
																<Children>: 1
																	<Frame>: 13 0 Bip001_R_Toe0Nub
																		<Transform>: -0.009466037 0 0 1.679333E-12 1.017778E-12 1.707547E-06 1 1 1 1.465494E-14 8.881784E-15 1.490116E-08 1  
																		<TransformMatrix>: 1 2.980232E-08 -1.776357E-14 0 -2.980232E-08 1 2.930989E-14 0 1.776357E-14 -2.930989E-14 1 0 -0.009466037 0 0 1  
																		<Children>: 0
																	</Frame>
															</Frame>
													</Frame>
											</Frame>
									</Frame>
									<Frame>: 14 0 Bip001_Spine1
										<Transform>: -0.1003184 -7.987976E-05 -8.282033E-07 0.5937485 0.0004727938 1.707628E-06 0.9999999 0.9999999 1 0.005181409 4.125772E-06 -6.476333E-09 0.9999866  
										<TransformMatrix>: 0.9999999 2.980213E-08 -8.251499E-06 0 5.570711E-08 0.9999462 0.01036268 0 8.251365E-06 -0.01036268 0.9999463 0 -0.1003184 -7.987976E-05 -8.282033E-07 1  
										<Children>: 1
											<Frame>: 15 0 Bip001_Spine2
												<Transform>: -0.1003184 -7.988929E-05 -8.279053E-07 0.5937488 0.0004728205 1.707627E-06 0.9999999 0.9999999 1 0.005181413 4.126005E-06 -6.477562E-09 0.9999866  
												<TransformMatrix>: 0.9999999 2.980211E-08 -8.251965E-06 0 5.571201E-08 0.9999462 0.01036269 0 8.251831E-06 -0.01036269 0.9999463 0 -0.1003184 -7.988929E-05 -8.279053E-07 1  
												<Children>: 1
													<Frame>: 16 0 Bip001_Spine3
														<Transform>: -0.1003183 -7.986069E-05 -1.24305E-06 0.9375041 0.0007466665 7.098032E-06 0.9999999 0.9999999 1 0.008181175 6.515169E-06 8.632263E-09 0.9999666  
														<TransformMatrix>: 0.9999999 1.238674E-07 -1.302976E-05 0 8.933953E-08 0.9998661 0.0163618 0 1.303004E-05 -0.0163618 0.9998661 0 -0.1003183 -7.986069E-05 -1.24305E-06 1  
														<Children>: 1
															<Frame>: 17 0 Bip001_Neck
																<Transform>: -0.169899 0.01924991 5.358102E-08 1.57741E-05 6.902665E-05 334.2554 0.9999999 1 1 2.914674E-14 6.178996E-07 -0.2227789 0.974869  
																<TransformMatrix>: 0.9007391 -0.4343604 -1.204742E-06 0 0.4343604 0.9007392 -2.753098E-07 0 1.204742E-06 -2.7531E-07 1 0 -0.169899 0.01924991 5.358102E-08 1  
																<Children>: 3
																	<Frame>: 18 0 Bip001_Head
																		<Transform>: -0.0194471 -0.005642815 -2.488668E-09 356.6148 358.3842 15.4204 0.9999999 0.9999999 1 -0.03115834 -0.01000457 0.133678 0.9904844  
																		<TransformMatrix>: 0.9640601 0.2654353 0.01148838 0 -0.2641884 0.9623186 -0.06439847 0 -0.02814912 0.05904892 0.9978581 0 -0.0194471 -0.005642815 -2.488668E-09 1  
																		<Children>: 1
																			<Frame>: 19 0 Bip001_HeadNub
																				<Transform>: -0.3387214 1.907349E-08 0 -4.885333E-12 6.513777E-12 -2.206953E-32 1 1 1 -4.263257E-14 5.684343E-14 2.423381E-27 1  
																				<TransformMatrix>: 1 -3.85186E-34 -1.136869E-13 0 -9.693524E-27 1 -8.526514E-14 0 1.136869E-13 8.526514E-14 1 0 -0.3387214 1.907349E-08 0 1  
																				<Children>: 0
																			</Frame>
																	</Frame>
																	<Frame>: 20 0 Bip001_L_Clavicle
																		<Transform>: 0.08913032 0.02162735 0.08956776 25.78986 270.2608 180.1133 1 0.9999999 0.9999999 -0.6878599 -0.1574792 0.690685 -0.1581242  
																		<TransformMatrix>: -0.003690958 -0.001780733 -0.9999915 0 0.4350752 -0.9003938 -2.488494E-06 0 -0.9003864 -0.4350716 0.004098117 0 0.08913032 0.02162735 0.08956776 1  
																		<Children>: 1
																			<Frame>: 21 0 Bip001_L_UpperArm
																				<Transform>: -0.08203879 -9.536779E-09 0 357.26 293.9831 326.7935 0.9999999 1 0.9999999 0.1364038 -0.5276296 -0.2520344 0.7996747  
																				<TransformMatrix>: 0.3161714 -0.5470324 0.7751071 0 0.2591497 0.8357453 0.4841189 0 -0.9126209 0.0478042 0.4060021 0 -0.08203879 -9.536779E-09 0 1  
																				<Children>: 1
																					<Frame>: 22 0 Bip001_L_Forearm
																						<Transform>: -0.233183 1.455191E-13 7.629365E-08 -4.496829E-06 1.576136E-06 57.09923 1 0.9999999 0.9999999 -2.789704E-08 3.083653E-08 0.4779196 0.8784036  
																						<TransformMatrix>: 0.5431857 0.8396125 -8.083892E-08 0 -0.8396125 0.5431857 -1.953495E-08 0 2.750875E-08 7.848447E-08 0.9999999 0 -0.233183 1.455191E-13 7.629365E-08 1  
																						<Children>: 1
																							<Frame>: 23 0 Bip001_L_Hand
																								<Transform>: -0.1893205 9.536561E-09 1.455191E-13 270.0343 353.7681 0 0.9999999 0.9999999 0.9999999 -0.7057803 -0.03845151 -0.03842092 0.7063425  
																								<TransformMatrix>: 0.9940906 -2.980232E-08 0.1085533 0 0.1085533 0.0007960796 -0.9940904 0 -8.64081E-05 0.9999998 0.0007913708 0 -0.1893205 9.536561E-09 1.455191E-13 1  
																								<Children>: 5
																									<Frame>: 24 0 Bip001_L_Finger0
																										<Transform>: -0.05235947 0.02019993 -0.04804855 50.57315 332.2692 337.2404 1 1 1 0.4493005 -0.1305951 -0.07285789 0.8807756  
																										<TransformMatrix>: 0.9552734 -0.2456958 0.1645798 0 0.01099002 0.5856417 0.8104958 0 -0.2955201 -0.7724361 0.562148 0 -0.05235947 0.02019993 -0.04804855 1  
																										<Children>: 1
																											<Frame>: 25 0 Bip001_L_Finger01
																												<Transform>: -0.02955219 -1.059655E-09 -4.238672E-09 1.449669E-06 -1.242218E-06 345.9719 1 1 1 1.387983E-08 -9.214449E-09 -0.1221131 0.9925162  
																												<TransformMatrix>: 0.9701769 -0.2423985 1.490116E-08 0 0.2423985 0.9701769 2.980233E-08 0 -2.16808E-08 -2.530151E-08 1 0 -0.02955219 -1.059655E-09 -4.238672E-09 1  
																												<Children>: 1
																													<Frame>: 26 0 Bip001_L_Finger02
																														<Transform>: -0.02955223 7.705215E-09 -2.44134E-08 3.224253E-06 -1.412794E-06 322.3018 1 1 1 3.061121E-08 -2.577408E-09 -0.3230767 0.9463728  
																														<TransformMatrix>: 0.7912431 -0.611502 -1.490116E-08 0 0.611502 0.7912431 5.960464E-08 0 -2.465791E-08 -5.627383E-08 1 0 -0.02955223 7.705215E-09 -2.44134E-08 1  
																														<Children>: 1
																															<Frame>: 27 0 Bip001_L_Finger0Nub
																																<Transform>: -0.02955215 -1.907349E-08 1.907349E-08 -1.280661E-06 -1.707547E-06 -1.707547E-06 1 1 1 -1.117587E-08 -1.490116E-08 -1.490116E-08 1  
																																<TransformMatrix>: 1 -2.980232E-08 2.980232E-08 0 2.980232E-08 1 -2.235174E-08 0 -2.980232E-08 2.235174E-08 1 0 -0.02955215 -1.907349E-08 1.907349E-08 1  
																																<Children>: 0
																															</Frame>
																													</Frame>
																											</Frame>
																									</Frame>
																									<Frame>: 28 0 Bip001_L_Finger1
																										<Transform>: -0.1279588 0.0003866577 -0.008810921 349.0518 5.018143 310.0495 1 0.9999999 1 -0.1047925 -0.0007371997 -0.4161125 0.9032544  
																										<TransformMatrix>: 0.6536998 -0.7515563 0.08854266 0 0.7518653 0.6317378 -0.188695 0 0.08587915 0.189922 0.978036 0 -0.1279588 0.0003866577 -0.008810921 1  
																										<Children>: 1
																											<Frame>: 29 0 Bip001_L_Finger11
																												<Transform>: -0.03546257 2.741839E-08 1.788143E-09 9.855858E-07 1.635013E-06 355.4835 1 0.9999999 1 8.031957E-09 1.459601E-08 -0.03940378 0.9992234  
																												<TransformMatrix>: 0.9968947 -0.07874636 -2.980233E-08 0 0.07874636 0.9968946 1.490116E-08 0 2.853637E-08 -1.720172E-08 1 0 -0.03546257 2.741839E-08 1.788143E-09 1  
																												<Children>: 1
																													<Frame>: 30 0 Bip001_L_Finger12
																														<Transform>: -0.0217409 -2.384187E-08 3.576271E-09 0 0 342.6216 0.9999999 0.9999999 1 0 0 -0.1510746 0.9885224  
																														<TransformMatrix>: 0.9543529 -0.2986813 0 0 0.2986813 0.9543529 0 0 0 0 1 0 -0.0217409 -2.384187E-08 3.576271E-09 1  
																														<Children>: 1
																															<Frame>: 31 0 Bip001_L_Finger1Nub
																																<Transform>: -0.01817345 0 0 0 -8.537737E-07 0 1 1 1 0 -7.450581E-09 0 1  
																																<TransformMatrix>: 1 0 1.490116E-08 0 0 1 0 0 -1.490116E-08 0 1 0 -0.01817345 0 0 1  
																																<Children>: 0
																															</Frame>
																													</Frame>
																											</Frame>
																									</Frame>
																									<Frame>: 32 0 Bip001_L_Finger2
																										<Transform>: -0.1228223 0.0004172516 0.01583023 348.7443 18.48257 308.107 1 1 1 -0.1569628 0.1013589 -0.4156099 0.8901446  
																										<TransformMatrix>: 0.6339896 -0.7717249 -0.04997763 0 0.7080867 0.6052623 -0.3636907 0 0.3109187 0.1951876 0.9301782 0 -0.1228223 0.0004172516 0.01583023 1  
																										<Children>: 1
																											<Frame>: 33 0 Bip001_L_Finger21
																												<Transform>: -0.04137305 2.384153E-08 -5.962305E-10 3.052232E-07 7.973507E-07 339.0533 1 1 1 1.354351E-09 7.32645E-09 -0.181778 0.9833396  
																												<TransformMatrix>: 0.9339138 -0.3574991 -1.490116E-08 0 0.357499 0.9339135 -2.220446E-16 0 1.391639E-08 -5.327149E-09 1 0 -0.04137305 2.384153E-08 -5.962305E-10 1  
																												<Children>: 1
																													<Frame>: 34 0 Bip001_L_Finger22
																														<Transform>: -0.02576264 -8.94082E-09 -5.957363E-10 -7.820879E-07 -1.754578E-06 335.9755 1 1 1 -3.488898E-09 -1.639673E-08 -0.2081209 0.9781032  
																														<TransformMatrix>: 0.9133714 -0.4071274 3.352762E-08 0 0.4071274 0.9133714 8.881784E-16 0 -3.062317E-08 1.365001E-08 1 0 -0.02576264 -8.94082E-09 -5.957363E-10 1  
																														<Children>: 1
																															<Frame>: 35 0 Bip001_L_Finger2Nub
																																<Transform>: -0.02401169 0 0 0 -3.201652E-07 0 1 1 1 0 -2.793968E-09 0 1  
																																<TransformMatrix>: 1 0 5.587936E-09 0 0 1 0 0 -5.587936E-09 0 1 0 -0.02401169 0 0 1  
																																<Children>: 0
																															</Frame>
																													</Frame>
																											</Frame>
																									</Frame>
																									<Frame>: 36 0 Bip001_L_Finger3
																										<Transform>: -0.117561 0.01772392 0.04078388 347.1889 33.31006 306.908 0.9999998 1 1 -0.2229072 0.2070238 -0.3968896 0.8659862  
																										<TransformMatrix>: 0.5992393 -0.779696 -0.1816204 0 0.5951077 0.585582 -0.5504004 0 0.5354988 0.221738 0.8149071 0 -0.117561 0.01772392 0.04078388 1  
																										<Children>: 1
																											<Frame>: 37 0 Bip001_L_Finger31
																												<Transform>: -0.02679527 2.472509E-08 1.412717E-09 -1.638751E-07 -7.594667E-07 331.8782 0.9999999 1 1 2.22963E-10 -6.776464E-09 -0.242953 0.9700381  
																												<TransformMatrix>: 0.8819475 -0.4713473 1.303852E-08 0 0.4713474 0.8819476 3.72529E-09 0 -1.32552E-08 2.86016E-09 1 0 -0.02679527 2.472509E-08 1.412717E-09 1  
																												<Children>: 1
																													<Frame>: 38 0 Bip001_L_Finger32
																														<Transform>: -0.02400642 -7.629351E-08 -9.53667E-09 -5.061634E-07 -8.092963E-07 354.5417 0.9999999 0.9999999 1 -4.075822E-09 -7.264751E-09 -0.04761475 0.9988658  
																														<TransformMatrix>: 0.9954656 -0.09512147 1.490116E-08 0 0.09512147 0.9954656 -7.45058E-09 0 -1.412489E-08 8.834217E-09 1 0 -0.02400642 -7.629351E-08 -9.53667E-09 1  
																														<Children>: 1
																															<Frame>: 39 0 Bip001_L_Finger3Nub
																																<Transform>: -0.01825527 3.814697E-08 9.536743E-09 -4.268868E-07 -8.537735E-07 0 1 1 1 -3.72529E-09 -7.45058E-09 -2.775557E-17 1  
																																<TransformMatrix>: 1 0 1.490116E-08 0 1.110223E-16 1 -7.450581E-09 0 -1.490116E-08 7.450581E-09 1 0 -0.01825527 3.814697E-08 9.536743E-09 1  
																																<Children>: 0
																															</Frame>
																													</Frame>
																											</Frame>
																									</Frame>
																									<Frame>: 40 0 Bip001_L_Finger4
																										<Transform>: -0.1040885 0.02009113 0.05749918 350.3911 27.18353 293.0657 0.9999999 1 1 -0.1970511 0.1504565 -0.5177122 0.8188454  
																										<TransformMatrix>: 0.4186738 -0.9071476 -0.04236976 0 0.7885574 0.38629 -0.4784952 0 0.4504328 0.1669224 0.8770674 0 -0.1040885 0.02009113 0.05749918 1  
																										<Children>: 1
																											<Frame>: 41 0 Bip001_L_Finger41
																												<Transform>: -0.02741417 -1.907334E-08 0 -1.262393E-06 2.155378E-07 350.3109 0.9999999 0.9999998 1 -1.113595E-08 9.438329E-10 -0.08445273 0.9964275  
																												<TransformMatrix>: 0.9857354 -0.168302 0 0 0.168302 0.9857353 -2.235174E-08 0 3.761845E-09 2.203291E-08 1 0 -0.02741417 -1.907334E-08 0 1  
																												<Children>: 1
																													<Frame>: 42 0 Bip001_L_Finger42
																														<Transform>: -0.01790781 -1.787026E-09 8.942871E-10 3.251271E-07 -1.25809E-06 355.3109 1 1 0.9999999 3.284029E-09 -1.085364E-08 -0.04090893 0.9991629  
																														<TransformMatrix>: 0.9966529 -0.08174936 2.142042E-08 0 0.08174936 0.9966529 7.450581E-09 0 -2.19578E-08 -5.674538E-09 0.9999999 0 -0.01790781 -1.787026E-09 8.942871E-10 1  
																														<Children>: 1
																															<Frame>: 43 0 Bip001_L_Finger4Nub
																																<Transform>: -0.0143108 0 0 -4.802477E-07 -6.403301E-07 -1.707547E-06 1 1 1 -4.190952E-09 -5.587935E-09 -1.490116E-08 1  
																																<TransformMatrix>: 1 -2.980232E-08 1.117587E-08 0 2.980232E-08 1 -8.381903E-09 0 -1.117587E-08 8.381903E-09 1 0 -0.0143108 0 0 1  
																																<Children>: 0
																															</Frame>
																													</Frame>
																											</Frame>
																									</Frame>
																							</Frame>
																					</Frame>
																			</Frame>
																	</Frame>
																	<Frame>: 44 0 Bip001_R_Clavicle
																		<Transform>: 0.08913032 0.02162785 -0.0895676 334.2115 90.703 179.6943 1 0.9999999 0.9999999 0.6930707 0.1586713 0.6854556 -0.1569298  
																		<TransformMatrix>: 0.009948015 0.004804164 0.999939 0 0.4350776 -0.9003927 -2.503395E-06 0 0.9003379 0.4350511 -0.01104724 0 0.08913032 0.02162785 -0.0895676 1  
																		<Children>: 1
																			<Frame>: 45 0 Bip001_R_UpperArm
																				<Transform>: -0.0820388 0 2.910383E-13 5.616426 73.98268 350.481 1 1 0.9999999 -0.01086736 0.6021464 -0.0955702 0.7925705  
																				<TransformMatrix>: 0.256572 -0.1645797 -0.9524099 0 0.1384048 0.9814965 -0.1323208 0 0.9565642 -0.0978682 0.2746031 0 -0.0820388 0 2.910383E-13 1  
																				<Children>: 1
																					<Frame>: 46 0 Bip001_R_Forearm
																						<Transform>: -0.233183 -7.770856E-09 1.41285E-08 -1.942933E-06 -1.874638E-06 62.41027 0.9999998 0.9999997 0.9999999 -2.297798E-08 -5.207809E-09 0.5181037 0.8553179  
																						<TransformMatrix>: 0.4631371 0.8862865 -1.490128E-08 0 -0.8862864 0.4631371 -4.47033E-08 0 -3.271861E-08 3.391057E-08 0.9999999 0 -0.233183 -7.770856E-09 1.41285E-08 1  
																						<Children>: 1
																							<Frame>: 47 0 Bip001_R_Hand
																								<Transform>: -0.1893204 -1.977925E-08 -1.271569E-08 89.96574 6.231922 0 1 1 0.9999999 0.7057803 0.03845149 -0.03842091 0.7063425  
																								<TransformMatrix>: 0.9940906 -2.980232E-08 -0.1085533 0 0.1085532 0.0007960796 0.9940905 0 8.640438E-05 -0.9999998 0.0007913708 0 -0.1893204 -1.977925E-08 -1.271569E-08 1  
																								<Children>: 5
																									<Frame>: 48 0 Bip001_R_Finger0
																										<Transform>: -0.05235954 0.02019997 0.04804853 309.4268 27.73083 337.2404 0.9999999 0.9999999 0.9999999 -0.4493005 0.1305951 -0.07285788 0.8807756  
																										<TransformMatrix>: 0.9552732 -0.2456958 -0.1645799 0 0.01098996 0.5856416 -0.8104956 0 0.2955202 0.772436 0.5621479 0 -0.05235954 0.02019997 0.04804853 1  
																										<Children>: 1
																											<Frame>: 49 0 Bip001_R_Finger01
																												<Transform>: -0.02955219 0 3.814686E-08 4.141434E-06 -1.547177E-07 345.9719 0.9999999 0.9999999 0.9999999 3.603522E-08 3.073207E-09 -0.1221132 0.9925162  
																												<TransformMatrix>: 0.9701767 -0.2423986 -1.490116E-08 0 0.2423986 0.9701767 7.078052E-08 0 -2.700334E-09 -7.228164E-08 0.9999999 0 -0.02955219 0 3.814686E-08 1  
																												<Children>: 1
																													<Frame>: 50 0 Bip001_R_Finger02
																														<Transform>: -0.02955219 0 -3.814686E-08 -3.746338E-06 7.372519E-07 322.3018 1 1 1 -3.301832E-08 -4.473619E-09 -0.3230766 0.9463728  
																														<TransformMatrix>: 0.7912431 -0.6115019 2.980232E-08 0 0.6115019 0.7912431 -5.960464E-08 0 1.286748E-08 6.538593E-08 1 0 -0.02955219 0 -3.814686E-08 1  
																														<Children>: 1
																															<Frame>: 51 0 Bip001_R_Finger0Nub
																																<Transform>: -0.02955223 -1.907349E-08 0 -4.268868E-07 5.227856E-23 180 -1 -1 -1 2.281083E-25 3.72529E-09 1 6.123234E-17  
																																<TransformMatrix>: 1 -1.224647E-16 0 0 1.224647E-16 1 -7.450581E-09 0 -9.12433E-25 -7.450581E-09 -1 0 -0.02955223 -1.907349E-08 0 1  
																																<Children>: 0
																															</Frame>
																													</Frame>
																											</Frame>
																									</Frame>
																									<Frame>: 52 0 Bip001_R_Finger1
																										<Transform>: -0.1279588 0.0003866577 0.008810901 10.94823 354.9818 310.0495 0.9999998 0.9999998 0.9999998 0.1047924 0.000737188 -0.4161125 0.9032544  
																										<TransformMatrix>: 0.6536996 -0.7515563 -0.08854261 0 0.7518652 0.6317376 0.1886949 0 -0.08587913 -0.1899219 0.9780358 0 -0.1279588 0.0003866577 0.008810901 1  
																										<Children>: 1
																											<Frame>: 53 0 Bip001_R_Finger11
																												<Transform>: -0.03546264 -1.907319E-08 -7.629365E-08 -8.511224E-07 6.723155E-08 355.4835 1 1 1 -7.444794E-09 2.93581E-10 -0.03940377 0.9992234  
																												<TransformMatrix>: 0.9968948 -0.07874636 0 0 0.07874635 0.9968947 -1.490116E-08 0 1.173412E-09 1.485489E-08 1 0 -0.03546264 -1.907319E-08 -7.629365E-08 1  
																												<Children>: 1
																													<Frame>: 54 0 Bip001_R_Finger12
																														<Transform>: -0.02174091 -2.384347E-09 2.384206E-08 7.650183E-07 2.444404E-06 342.6216 1 1 1 3.376779E-09 2.20952E-08 -0.1510745 0.9885224  
																														<TransformMatrix>: 0.9543531 -0.2986812 -4.470349E-08 0 0.2986812 0.9543531 -4.440893E-16 0 4.266291E-08 -1.335209E-08 1 0 -0.02174091 -2.384347E-09 2.384206E-08 1  
																														<Children>: 1
																															<Frame>: 55 0 Bip001_R_Finger1Nub
																																<Transform>: -0.01817345 -1.907349E-08 0 -8.537735E-07 8.537737E-07 180 -1 -1 -1 7.450581E-09 7.45058E-09 1 -1.490116E-08  
																																<TransformMatrix>: 1 2.980232E-08 -1.490116E-08 0 -2.980232E-08 1 -1.490116E-08 0 -1.490116E-08 -1.490116E-08 -1 0 -0.01817345 -1.907349E-08 0 1  
																																<Children>: 0
																															</Frame>
																													</Frame>
																											</Frame>
																									</Frame>
																									<Frame>: 56 0 Bip001_R_Finger2
																										<Transform>: -0.1228223 0.0004172897 -0.01583023 11.25569 341.5174 308.107 0.9999999 0.9999999 1 0.1569628 -0.1013589 -0.4156099 0.8901446  
																										<TransformMatrix>: 0.6339896 -0.7717249 0.0499776 0 0.7080866 0.6052622 0.3636907 0 -0.3109187 -0.1951877 0.9301781 0 -0.1228223 0.0004172897 -0.01583023 1  
																										<Children>: 1
																											<Frame>: 57 0 Bip001_R_Finger21
																												<Transform>: -0.04137302 3.814676E-08 7.629369E-08 -5.536435E-07 1.240396E-06 339.0533 1 1 1 -6.718611E-09 9.765902E-09 -0.181778 0.9833396  
																												<TransformMatrix>: 0.9339135 -0.357499 -1.67638E-08 0 0.357499 0.9339136 -1.676381E-08 0 2.164899E-08 9.662902E-09 1 0 -0.04137302 3.814676E-08 7.629369E-08 1  
																												<Children>: 1
																													<Frame>: 58 0 Bip001_R_Finger22
																														<Transform>: -0.0257626 -1.907327E-08 -3.814683E-08 2.029549E-06 2.980399E-06 335.9755 1 1 1 1.191035E-08 2.912544E-08 -0.2081208 0.9781032  
																														<TransformMatrix>: 0.9133714 -0.4071273 -6.193296E-08 0 0.4071273 0.9133714 1.117587E-08 0 5.201779E-08 -3.542232E-08 1 0 -0.0257626 -1.907327E-08 -3.814683E-08 1  
																														<Children>: 1
																															<Frame>: 59 0 Bip001_R_Finger2Nub
																																<Transform>: -0.02401173 -3.814697E-08 -9.536743E-09 4.268868E-07 1.814269E-06 180 -1 -1 -1 1.583248E-08 -3.72529E-09 1 -7.450581E-09  
																																<TransformMatrix>: 1 1.490116E-08 -3.166497E-08 0 -1.490116E-08 1 7.450581E-09 0 -3.166497E-08 7.45058E-09 -1 0 -0.02401173 -3.814697E-08 -9.536743E-09 1  
																																<Children>: 0
																															</Frame>
																													</Frame>
																											</Frame>
																									</Frame>
																									<Frame>: 60 0 Bip001_R_Finger3
																										<Transform>: -0.117561 0.01772392 -0.04078388 12.81113 326.6899 306.908 0.9999997 0.9999998 0.9999999 0.2229072 -0.2070238 -0.3968896 0.8659862  
																										<TransformMatrix>: 0.5992394 -0.7796958 0.1816204 0 0.5951075 0.5855819 0.5504003 0 -0.5354987 -0.221738 0.8149069 0 -0.117561 0.01772392 -0.04078388 1  
																										<Children>: 1
																											<Frame>: 61 0 Bip001_R_Finger31
																												<Transform>: -0.02679527 0 3.637979E-14 2.661375E-06 -4.542883E-07 331.8782 1 1 1 2.349218E-08 1.796923E-09 -0.242953 0.9700381  
																												<TransformMatrix>: 0.8819476 -0.4713473 -1.490116E-08 0 0.4713473 0.8819476 4.470349E-08 0 -7.928826E-09 -4.644976E-08 1 0 -0.02679527 0 3.637979E-14 1  
																												<Children>: 1
																													<Frame>: 62 0 Bip001_R_Finger32
																														<Transform>: -0.02400645 4.768056E-09 1.192098E-08 6.87478E-07 -1.781017E-06 354.5417 1 0.9999999 0.9999999 6.732615E-09 -1.523902E-08 -0.04761475 0.9988658  
																														<TransformMatrix>: 0.9954658 -0.09512151 2.980233E-08 0 0.09512149 0.9954656 1.490116E-08 0 -3.108461E-08 -1.199875E-08 0.9999999 0 -0.02400645 4.768056E-09 1.192098E-08 1  
																														<Children>: 1
																															<Frame>: 63 0 Bip001_R_Finger3Nub
																																<Transform>: -0.01825523 0 0 8.537737E-07 4.268868E-07 180 -1 -1 -1 3.72529E-09 -7.450581E-09 1 8.898792E-17  
																																<TransformMatrix>: 1 -1.224647E-16 -7.450581E-09 0 2.33487E-16 1 1.490116E-08 0 -7.450581E-09 1.490116E-08 -1 0 -0.01825523 0 0 1  
																																<Children>: 0
																															</Frame>
																													</Frame>
																											</Frame>
																									</Frame>
																									<Frame>: 64 0 Bip001_R_Finger4
																										<Transform>: -0.1040886 0.02009117 -0.05749915 9.608935 332.8165 293.0657 0.9999998 0.9999999 0.9999999 0.1970511 -0.1504565 -0.5177121 0.8188455  
																										<TransformMatrix>: 0.4186739 -0.9071475 0.04236976 0 0.7885571 0.38629 0.4784952 0 -0.4504328 -0.1669225 0.8770672 0 -0.1040886 0.02009117 -0.05749915 1  
																										<Children>: 1
																											<Frame>: 65 0 Bip001_R_Finger41
																												<Transform>: -0.02741421 7.629358E-08 0 3.848745E-07 -2.822447E-07 350.3109 1 0.9999999 1 3.554676E-09 -2.170602E-09 -0.08445275 0.9964275  
																												<TransformMatrix>: 0.9857356 -0.1683021 3.72529E-09 0 0.1683021 0.9857354 7.45058E-09 0 -4.926099E-09 -6.717327E-09 1 0 -0.02741421 7.629358E-08 0 1  
																												<Children>: 1
																													<Frame>: 66 0 Bip001_R_Finger42
																														<Transform>: -0.01790789 -1.668898E-08 8.344594E-09 -3.382137E-07 1.098542E-06 355.3109 1 1 1 -3.341178E-09 9.457827E-09 -0.0409089 0.9991629  
																														<TransformMatrix>: 0.996653 -0.08174933 -1.862645E-08 0 0.08174932 0.9966529 -7.450581E-09 0 1.917319E-08 5.902943E-09 1 0 -0.01790789 -1.668898E-08 8.344594E-09 1  
																														<Children>: 1
																															<Frame>: 67 0 Bip001_R_Finger4Nub
																																<Transform>: -0.01431076 3.814697E-08 0 7.841784E-23 6.403303E-07 180 -1 -1 -1 5.587935E-09 -3.421624E-25 1 6.123234E-17  
																																<TransformMatrix>: 1 -1.224647E-16 -1.117587E-08 0 1.224647E-16 1 -4.930381E-32 0 -1.117587E-08 1.368649E-24 -1 0 -0.01431076 3.814697E-08 0 1  
																																<Children>: 0
																															</Frame>
																													</Frame>
																											</Frame>
																									</Frame>
																							</Frame>
																					</Frame>
																			</Frame>
																	</Frame>
															</Frame>
													</Frame>
											</Frame>
									</Frame>
							</Frame>
					</Frame>
			</Frame>
			<Frame>: 68 0 Boss_low
				<Transform>: 0 0 0 270 0 0 1 1 1 -0.7071068 0 0 0.7071068  
				<TransformMatrix>: 1 0 0 0 0 -1.192093E-07 -1 0 0 1 -1.192093E-07 0 0 0 0 1  
				<SkinningInfo>: Boss_low
					<BonesPerVertex>: 4
					<Bounds>: -0.006344378 -0.02920674 0.1342441 0.2978827 0.430076 0.7903194
					<BoneNames>: 55 Bip001_Head Bip001_L_Clavicle Bip001_R_Clavicle Bip001_Spine3 Bip001_Neck Bip001_R_UpperArm Bip001_Spine1 Bip001_Spine2 Bip001_Spine Bip001_L_UpperArm Bip001_R_Thigh Bip001_L_Thigh Bip001_L_Forearm Bip001_Pelvis Bip001_L_Calf Bip001_L_Hand Bip001_L_Finger0 Bip001_R_Calf Bip001_R_Foot Bip001_L_Foot Bip001 Bip001_R_Forearm Bip001_R_Hand Bip001_R_Finger0 Bip001_L_Toe0 Bip001_R_Toe0 Bip001_R_Toe0Nub Bip001_R_Finger2 Bip001_R_Finger3 Bip001_R_Finger1 Bip001_R_Finger4 Bip001_R_Finger01 Bip001_R_Finger11 Bip001_R_Finger21 Bip001_R_Finger02 Bip001_R_Finger41 Bip001_R_Finger12 Bip001_R_Finger22 Bip001_R_Finger31 Bip001_R_Finger32 Bip001_R_Finger42 Bip001_L_Finger2 Bip001_L_Finger3 Bip001_L_Finger1 Bip001_L_Finger4 Bip001_L_Finger01 Bip001_L_Finger11 Bip001_L_Finger21 Bip001_L_Finger02 Bip001_L_Finger41 Bip001_L_Finger12 Bip001_L_Finger22 Bip001_L_Finger31 Bip001_L_Finger32 Bip001_L_Finger42  
					<BoneOffsets>: 55 3.119516E-07 1.438657E-06 -1 0 0.2275486 -0.9737669 -1.329932E-06 0 -0.9737667 -0.2275485 -6.311324E-07 0 1.174576 0.3016792 7.453331E-07 1 1 1.37079E-06 -4.376943E-08 0 -1.370972E-06 1 1.164153E-08 0 4.439471E-08 -1.164153E-08 1 0 0.0895677 -0.04229037 -1.094421 1 -1 1.370972E-06 -4.556568E-08 0 1.370609E-06 0.9999999 0 0 4.336016E-08 -1.164153E-08 -0.9999999 0 0.08956757 -0.04229037 1.09442 1 1.091779E-09 1.402694E-06 -1 0 0.0007963157 -0.9999997 -1.402692E-06 0 -0.9999996 -0.0007963041 -2.208433E-09 0 1.014165 0.04317788 6.178186E-08 1 5.964504E-07 1.539245E-06 -1 0 0.4350775 -0.900393 -1.126423E-06 0 -0.9003929 -0.4350775 -1.206731E-06 0 1.056139 0.5358633 1.428294E-06 1 -0.733647 0.01475257 -0.6793706 0 -0.04872363 0.9960487 0.07424553 0 0.6777816 0.08757135 -0.7300296 0 -0.613819 -0.1404946 0.9124039 1 1.091757E-09 1.402694E-06 -1 0 0.0007962924 -0.9999997 -1.402692E-06 0 -0.9999996 -0.0007963041 -2.208445E-09 0 0.8135279 0.04301809 6.13386E-08 1 1.091781E-09 1.402693E-06 -1 0 0.0007963041 -0.9999997 -1.402692E-06 0 -0.9999996 -0.0007963041 -2.208411E-09 0 0.9138464 0.04309799 6.156029E-08 1 1.091745E-09 1.402694E-06 -1 0 0.0007963157 -0.9999998 -1.402692E-06 0 -0.9999997 -0.0007963157 -2.208578E-09 0 0.7132096 0.04293824 6.111713E-08 1 0.7336467 -0.01474984 -0.6793708 0 -0.04872563 0.9960489 -0.07424363 0 0.6777815 0.08757143 0.7300295 0 -0.6138189 -0.1404946 -0.912404 1 -0.1031691 0.007121748 0.9946383 0 -0.08633749 -0.9962642 -0.00182199 0 0.9909095 -0.08606259 0.1033986 0 -0.6209432 0.09656233 -0.1650091 1 0.1031687 -0.007124498 0.9946384 0 -0.0863378 -0.9962642 0.001819228 0 0.9909096 -0.08606256 -0.1033984 0 -0.6209432 0.09656231 0.1650092 1 0.722254 -0.1296335 -0.6793708 0 0.108099 0.9913637 -0.07424365 0 0.6831281 -0.01981657 0.7300297 0 -0.3979602 -0.07905638 -0.9124041 1 1.3868E-06 -2.757707E-06 -1 0 1.164153E-08 -1 2.757707E-06 0 -1 0 -1.3868E-06 0 0.6406708 0.04229045 7.718576E-07 1 0.1029712 -0.009564072 0.9946384 0 -0.1098913 -0.993942 0.001819263 0 0.9885953 -0.1094894 -0.1033984 0 -0.3697552 0.1053425 0.1650091 1 0.8292528 0.5435281 -0.1300663 0 0.1193492 0.05513385 0.9913203 0 0.5459815 -0.8375784 -0.01914966 0 -0.04703295 0.9347091 -0.07980064 1 0.6397259 0.2146628 -0.7380182 0 0.273228 0.8339731 0.4794112 0 0.7183992 -0.5083391 0.4748623 0 -0.2189478 0.5124509 -0.7258236 1 -0.1029717 0.009561342 0.9946383 0 -0.109891 -0.9939421 -0.001822016 0 0.9885953 -0.1094894 0.1033986 0 -0.3697552 0.1053426 -0.1650091 1 4.371135E-08 -1.370907E-06 1 0 -2.328306E-08 -1 -1.370907E-06 0 1 0 -4.371126E-08 0 -0.1533415 0.09053725 -0.1501236 1 4.371136E-08 -1.370907E-06 1 0 0 -1 -1.370907E-06 0 1 8.881784E-14 -4.37114E-08 0 -0.1533415 0.09053729 0.1501236 1 1.370907E-06 -1 1.457168E-14 0 1 1.370907E-06 0 0 -2.328306E-08 2.220446E-14 0.9999999 0 -0.04229043 -5.797627E-08 -0.6406707 1 -0.7222536 0.1296362 -0.6793705 0 0.1081011 0.9913635 0.07424549 0 0.6831281 -0.01981664 -0.7300298 0 -0.3979605 -0.07905631 0.912404 1 -0.8292525 -0.5435279 -0.130069 0 0.1193514 0.05513535 -0.9913201 0 0.5459815 -0.8375784 0.01914969 0 -0.04703295 0.9347092 0.0798007 1 -0.639725 -0.2146605 -0.7380195 0 0.27323 0.8339738 -0.4794092 0 0.7183991 -0.508339 -0.4748623 0 -0.2189479 0.5124508 0.7258235 1 1.371604E-06 4.371149E-08 1 0 1 0 -1.371604E-06 0 0 1 -4.371145E-08 0 0.1525246 -0.007547143 0.1501236 1 1.371604E-06 -4.371135E-08 1 0 1 -4.656613E-08 -1.371604E-06 0 0 1 4.371143E-08 0 0.1525245 -0.007547155 -0.1501236 1 1.371604E-06 -4.371117E-08 1 0 1 4.656613E-08 -1.371604E-06 0 4.656613E-08 1 4.371143E-08 0 0.1619906 -0.007547125 -0.1501236 1 0.163551 -0.9561563 0.2429329 0 0.05268378 -0.2374322 -0.9699743 0 0.9851272 0.1714389 0.01154169 0 -0.8255067 0.4389155 -0.1169729 1 0.339054 -0.8214242 0.4585901 0 0.07934715 -0.4607581 -0.8839717 0 0.9374148 0.3361019 -0.09104415 0 -0.8806569 0.2538092 -0.1428329 1 0.162517 -0.9855747 0.04723122 0 0.1369334 -0.02487646 -0.9902679 0 0.977158 0.1674031 0.1309152 0 -0.8163877 0.4525936 -0.1149677 1 0.5675969 -0.7451272 0.3501704 0 0.1353656 -0.3350729 -0.9324175 0 0.8121022 0.5766382 -0.08932176 0 -0.9245211 0.02314377 -0.05794886 1 -0.572755 -0.3567619 -0.7380195 0 0.07299272 0.8745506 -0.4794093 0 0.8164703 -0.3284541 -0.4748623 0 -0.3027531 0.4547716 0.7258235 1 0.5034123 -0.8627546 0.04723125 0 0.1367982 0.02560906 -0.9902678 0 0.8531485 0.5049742 0.1309152 0 -0.8910005 0.1442335 -0.1149677 1 0.7098655 -0.6611164 0.2429327 0 0.1858715 -0.156848 -0.9699744 0 0.6793695 0.7337056 0.01154168 0 -0.8896694 -0.1264948 -0.1169728 1 -0.2422887 -0.6297806 -0.7380194 0 -0.468529 0.7420561 -0.4794092 0 0.8495744 0.2296281 -0.4748623 0 -0.4920117 0.1984449 0.7258235 1 0.9075308 -0.2318805 0.3501703 0 0.3141182 -0.1786823 -0.9324175 0 0.2787786 0.9561927 -0.08932178 0 -0.7177238 -0.5387104 -0.05794881 1 0.8979817 -0.4374907 0.04723116 0 0.09949605 0.09731442 -0.9902679 0 0.4286368 0.8939417 0.1309152 0 -0.8028208 -0.3631721 -0.1149677 1 0.9690783 -0.04325671 0.2429327 0 0.2432044 0.001054071 -0.9699744 0 0.04170186 0.9990634 0.0115417 0 -0.5758257 -0.6563234 -0.1169728 1 0.8526058 -0.2505166 0.4585902 0 0.4087932 -0.2268969 -0.8839715 0 0.3255022 0.941148 -0.09104415 0 -0.7328637 -0.5063689 -0.142833 1 0.8687119 0.1871764 0.4585902 0 0.4675227 -0.004069251 -0.8839716 0 -0.1635925 0.982318 -0.09104411 0 -0.3808812 -0.7834653 -0.142833 1 0.8854614 0.3055145 0.3501703 0 0.3606148 0.02354851 -0.9324175 0 -0.2931132 0.9518963 -0.0893218 0 -0.2881418 -0.8348207 -0.05794877 1 -0.1635508 0.9561555 0.2429355 0 0.05268425 -0.2374347 0.9699736 0 0.9851272 0.1714389 -0.01154169 0 -0.8255067 0.4389157 0.1169729 1 -0.3390538 0.8214229 0.4585925 0 0.07934812 -0.4607604 0.8839704 0 0.9374149 0.336102 0.09104419 0 -0.8806572 0.2538092 0.142833 1 -0.1625167 0.9855746 0.04723381 0 0.1369338 -0.02487903 0.9902678 0 0.9771578 0.167403 -0.1309152 0 -0.8163876 0.4525937 0.1149676 1 -0.5675965 0.7451263 0.3501729 0 0.1353671 -0.3350749 0.9324167 0 0.8121023 0.5766383 0.08932178 0 -0.9245211 0.02314398 0.05794889 1 0.5727552 0.3567643 -0.7380182 0 0.07299113 0.8745496 0.4794112 0 0.8164704 -0.3284541 0.4748624 0 -0.3027531 0.4547717 -0.7258236 1 -0.5034119 0.8627546 0.04723388 0 0.1367996 0.02560677 0.9902676 0 0.8531485 0.5049742 -0.1309152 0 -0.8910004 0.1442335 0.1149677 1 -0.709865 0.6611159 0.2429353 0 0.1858734 -0.1568498 0.9699737 0 0.6793695 0.7337057 -0.01154172 0 -0.8896694 -0.1264948 0.1169728 1 0.2422874 0.6297825 -0.7380182 0 -0.4685297 0.7420545 0.4794112 0 0.8495744 0.2296281 0.4748622 0 -0.4920117 0.1984451 -0.7258235 1 -0.9075301 0.23188 0.3501729 0 0.3141208 -0.1786829 0.9324166 0 0.2787786 0.9561926 0.08932176 0 -0.717724 -0.5387102 0.05794889 1 -0.8979815 0.437491 0.04723392 0 0.09949855 0.09731326 0.9902678 0 0.4286368 0.8939416 -0.1309152 0 -0.8028209 -0.3631721 0.1149677 1 -0.9690776 0.04325671 0.2429353 0 0.2432071 0.001053954 0.9699737 0 0.04170182 0.9990634 -0.01154169 0 -0.5758258 -0.6563233 0.1169728 1 -0.8526046 0.250516 0.4585926 0 0.4087955 -0.2268976 0.8839704 0 0.3255022 0.9411481 0.09104417 0 -0.7328639 -0.5063689 0.1428331 1 -0.8687106 -0.1871763 0.4585926 0 0.4675251 -0.004068762 0.8839704 0 -0.1635925 0.982318 0.09104415 0 -0.3808813 -0.7834652 0.142833 1 -0.8854604 -0.3055145 0.3501728 0 0.3606173 0.02354936 0.9324166 0 -0.2931131 0.9518963 0.08932178 0 -0.2881419 -0.8348209 0.05794886 1  
