<Hierarchy>:
	<Frame>: 0 0 Boss_Shooting_Run_UpperBody
		<Transform>: 0 0 0 0 317.5717 0 1 1 1 0 -0.3618545 0 0.9322346  
		<TransformMatrix>: 0.7381226 0 0.6746666 0 0 1 0 0 -0.6746666 0 0.7381226 0 0 0 0 1  
		<Children>: 2
			<Frame>: 1 0 Bip001
				<Transform>: 0 0.6406466 0 280 -7.8667E-05 90 1 1 1 -0.4545198 0.4545191 0.5416749 0.5416755  
				<TransformMatrix>: 1.311302E-06 0.1736481 -0.9848077 0 -1 0 -1.311302E-06 0 -2.384186E-07 0.9848077 0.1736482 0 0 0.6406466 0 1  
				<Children>: 1
					<Frame>: 2 0 Bip001_Pelvis
						<Transform>: 0 0 0 270 89.99993 0 1 1 1 -0.5 0.5 0.4999993 0.5000007  
						<TransformMatrix>: 1.311302E-06 0 -1 0 -1 1.311302E-06 -1.311302E-06 0 1.311302E-06 1 0 0 0 0 0 1  
						<Children>: 3
							<Frame>: 3 0 Bip001_L_Thigh
								<Transform>: 1.144409E-07 1.621246E-07 0.09937456 2.402437 178.9367 357.7929 1 1 1 -0.01906011 0.9995555 -0.02113756 0.008871281  
								<TransformMatrix>: -0.9991161 -0.03847831 -0.01692891 0 -0.03772824 0.9983798 -0.04259451 0 0.01854044 -0.04191816 -0.9989491 0 1.144409E-07 1.621246E-07 0.09937456 1  
								<Children>: 1
									<Frame>: 4 0 Bip001_L_Calf
										<Transform>: -0.2487985 0 -9.536743E-09 5.646423E-07 -1.609047E-07 5.412075 0.9999999 0.9999998 1 4.855646E-09 -1.635225E-09 0.04721171 0.9988849  
										<TransformMatrix>: 0.995542 0.09431811 3.72529E-09 0 -0.09431811 0.9955419 9.546057E-09 0 -2.808317E-09 -9.854866E-09 1 0 -0.2487985 0 -9.536743E-09 1  
										<Children>: 1
											<Frame>: 5 0 Bip001_L_Foot
												<Transform>: -0.2435702 -1.907349E-08 0 357.6613 1.196974 346.7484 1 1 0.9999999 -0.02147505 0.008018861 -0.1151429 0.9930844  
												<TransformMatrix>: 0.9733556 -0.2290377 -0.01098141 0 0.2283489 0.9725618 -0.04449971 0 0.02087221 0.04080644 0.998949 0 -0.2435702 -1.907349E-08 0 1  
												<Children>: 1
													<Frame>: 6 0 Bip001_L_Toe0
														<Transform>: -0.1457944 0.2430618 0 -6.147172E-05 -1.650714E-06 270 1 1 1 -3.691357E-07 -3.895077E-07 -0.7071068 0.7071068  
														<TransformMatrix>: -1.192093E-07 -1 1.072884E-06 0 1 -1.192093E-07 2.88104E-08 0 -2.88104E-08 1.072884E-06 1 0 -0.1457944 0.2430618 0 1  
														<Children>: 1
															<Frame>: 7 0 Bip001_L_Toe0Nub
																<Transform>: -0.009466028 0 0 1.697987E-29 1.386511E-13 180 -1 -1 -1 1.209959E-15 -7.408865E-32 1 6.123234E-17  
																<TransformMatrix>: 1 -1.224647E-16 -2.419919E-15 0 1.224647E-16 1 -1.175494E-38 0 -2.419919E-15 2.963546E-31 -1 0 -0.009466028 0 0 1  
																<Children>: 0
															</Frame>
													</Frame>
											</Frame>
									</Frame>
							</Frame>
							<Frame>: 8 0 Bip001_R_Thigh
								<Transform>: -1.525879E-07 -1.144409E-07 -0.09937456 357.7724 180.8338 334.9616 1 1 1 -0.2165817 0.9760439 0.02055267 -0.002888685  
								<TransformMatrix>: -0.9061681 -0.4229051 -0.003263697 0 -0.4226677 0.90534 0.04137189 0 -0.01454163 0.03886935 -0.9991385 0 -1.525879E-07 -1.144409E-07 -0.09937456 1  
								<Children>: 1
									<Frame>: 9 0 Bip001_R_Calf
										<Transform>: -0.2487985 1.907349E-08 0 3.722987E-07 -4.882124E-08 94.83719 1 1 1 1.884634E-09 -2.680512E-09 0.7363167 0.6766371  
										<TransformMatrix>: -0.08432472 0.9964384 6.402843E-09 0 -0.9964384 -0.08432472 -1.396984E-09 0 -8.520913E-10 -6.497838E-09 1 0 -0.2487985 1.907349E-08 0 1  
										<Children>: 1
											<Frame>: 10 0 Bip001_R_Foot
												<Transform>: -0.2435702 7.629394E-08 -9.536743E-09 359.9865 357.6215 350.1852 1 1 1 0.001658575 -0.02068875 -0.08552917 0.9961195  
												<TransformMatrix>: 0.9845137 -0.1704632 0.04093324 0 0.170326 0.9853643 0.006843264 0 -0.04150065 0.0002347049 0.9991385 0 -0.2435702 7.629394E-08 -9.536743E-09 1  
												<Children>: 1
													<Frame>: 11 0 Bip001_R_Toe0
														<Transform>: -0.1457944 0.2430618 0 -2.798888E-12 2.504476E-06 330 0.9999999 1 1 -5.656688E-09 2.111095E-08 -0.2588191 0.9659259  
														<TransformMatrix>: 0.8660253 -0.5 -3.785511E-08 0 0.5000001 0.8660254 -2.185572E-08 0 4.371135E-08 4.884981E-14 1 0 -0.1457944 0.2430618 0 1  
														<Children>: 1
															<Frame>: 12 0 Bip001_R_Toe0Nub
																<Transform>: -0.009466019 -1.907349E-08 0 1.679333E-12 1.017778E-12 1.707547E-06 1 1 1 1.465494E-14 8.881785E-15 1.490116E-08 1  
																<TransformMatrix>: 1 2.980232E-08 -1.776357E-14 0 -2.980232E-08 1 2.930989E-14 0 1.776357E-14 -2.930989E-14 1 0 -0.009466019 -1.907349E-08 0 1  
																<Children>: 0
															</Frame>
													</Frame>
											</Frame>
									</Frame>
							</Frame>
							<Frame>: 13 0 Bip001_Spine
								<Transform>: -0.07257 -7.335663E-05 1.007417E-07 -0.0002382596 7.344672E-05 2.167759 1 1 1 -2.066711E-06 6.801594E-07 0.01891614 0.9998211  
								<TransformMatrix>: 0.9992845 0.03782551 -1.438264E-06 0 -0.03782551 0.9992845 -4.106952E-06 0 1.281887E-06 4.158415E-06 1 0 -0.07257 -7.335663E-05 1.007417E-07 1  
								<Children>: 1
									<Frame>: 14 0 Bip001_Spine1
										<Transform>: -0.09222404 -7.984161E-05 -2.21462E-10 -1.424889E-12 0 0 1 1 1 -1.24345E-14 0 0 1  
										<TransformMatrix>: 1 0 0 0 0 1 -2.4869E-14 0 0 2.4869E-14 1 0 -0.09222404 -7.984161E-05 -2.21462E-10 1  
										<Children>: 1
											<Frame>: 15 0 Bip001_Spine2
												<Transform>: -0.1002886 -0.00015522 -4.305002E-10 -1.424889E-12 0 0 1 1 1 -1.24345E-14 0 0 1  
												<TransformMatrix>: 1 0 0 0 0 1 -2.4869E-14 0 0 2.4869E-14 1 0 -0.1002886 -0.00015522 -4.305002E-10 1  
												<Children>: 3
													<Frame>: 16 0 Bip001_L_Clavicle
														<Transform>: -0.1779424 1.311302E-05 0.09009562 0.04563067 270.3311 180.0001 1 0.9999999 1 -0.7050608 -0.0002817397 0.7091468 -0.0002814054  
														<TransformMatrix>: -0.005778432 -1.828215E-06 -0.9999834 0 0.0007964026 -0.9999997 -2.773799E-06 0 -0.999983 -0.0007964054 0.005778432 0 -0.1779424 1.311302E-05 0.09009562 1  
														<Children>: 1
															<Frame>: 17 0 Bip001_L_UpperArm
																<Transform>: -0.08203878 1.907349E-08 -7.629394E-08 354.4714 294.0982 339.103 1 1 1 0.05872733 -0.5416176 -0.1777986 0.8195055  
																<TransformMatrix>: 0.3500761 -0.3550294 0.8668339 0 0.2277984 0.9298775 0.2888525 0 -0.9086004 0.09634297 0.406403 0 -0.08203878 1.907349E-08 -7.629394E-08 1  
																<Children>: 1
																	<Frame>: 18 0 Bip001_L_Forearm
																		<Transform>: -0.2331831 -3.814697E-08 0 1.027106E-06 1.364101E-06 53.02192 1 0.9999999 0.9999999 1.333429E-08 6.651416E-09 0.446369 0.894849  
																		<TransformMatrix>: 0.6015095 0.7988656 0 0 -0.7988656 0.6015095 2.980232E-08 0 2.380805E-08 -1.792638E-08 0.9999999 0 -0.2331831 -3.814697E-08 0 1  
																		<Children>: 1
																			<Frame>: 19 0 Bip001_L_Hand
																				<Transform>: -0.1893204 1.907349E-08 0 270.0343 353.7681 0 0.9999999 0.9999999 0.9999999 -0.7057803 -0.03845151 -0.03842092 0.7063425  
																				<TransformMatrix>: 0.9940906 -2.980232E-08 0.1085533 0 0.1085533 0.0007960796 -0.9940904 0 -8.64081E-05 0.9999998 0.0007913708 0 -0.1893204 1.907349E-08 0 1  
																				<Children>: 5
																					<Frame>: 20 0 Bip001_L_Finger0
																						<Transform>: -0.05235947 0.02019989 -0.04804857 50.57315 332.2692 337.2404 1 1 1 0.4493005 -0.1305951 -0.07285789 0.8807756  
																						<TransformMatrix>: 0.9552734 -0.2456958 0.1645798 0 0.01099002 0.5856417 0.8104958 0 -0.2955201 -0.7724361 0.562148 0 -0.05235947 0.02019989 -0.04804857 1  
																						<Children>: 1
																							<Frame>: 21 0 Bip001_L_Finger01
																								<Transform>: -0.02955219 3.814697E-08 -2.861023E-08 1.449669E-06 -1.242218E-06 345.9719 1 1 1 1.387983E-08 -9.214449E-09 -0.1221131 0.9925162  
																								<TransformMatrix>: 0.9701769 -0.2423985 1.490116E-08 0 0.2423985 0.9701769 2.980233E-08 0 -2.16808E-08 -2.530151E-08 1 0 -0.02955219 3.814697E-08 -2.861023E-08 1  
																								<Children>: 1
																									<Frame>: 22 0 Bip001_L_Finger02
																										<Transform>: -0.02955215 0 9.536743E-09 3.224253E-06 -1.412794E-06 322.3018 1 1 1 3.061121E-08 -2.577408E-09 -0.3230767 0.9463728  
																										<TransformMatrix>: 0.7912431 -0.611502 -1.490116E-08 0 0.611502 0.7912431 5.960464E-08 0 -2.465791E-08 -5.627383E-08 1 0 -0.02955215 0 9.536743E-09 1  
																										<Children>: 1
																											<Frame>: 23 0 Bip001_L_Finger0Nub
																												<Transform>: -0.02955215 0 2.861023E-08 -1.280661E-06 -1.707547E-06 -1.707547E-06 1 1 1 -1.117587E-08 -1.490116E-08 -1.490116E-08 1  
																												<TransformMatrix>: 1 -2.980232E-08 2.980232E-08 0 2.980232E-08 1 -2.235174E-08 0 -2.980232E-08 2.235174E-08 1 0 -0.02955215 0 2.861023E-08 1  
																												<Children>: 0
																											</Frame>
																									</Frame>
																							</Frame>
																					</Frame>
																					<Frame>: 24 0 Bip001_L_Finger1
																						<Transform>: -0.1279588 0.0003866196 -0.008810921 349.0518 5.018143 310.0495 1 0.9999999 1 -0.1047925 -0.0007371997 -0.4161125 0.9032544  
																						<TransformMatrix>: 0.6536998 -0.7515563 0.08854266 0 0.7518653 0.6317378 -0.188695 0 0.08587915 0.189922 0.978036 0 -0.1279588 0.0003866196 -0.008810921 1  
																						<Children>: 1
																							<Frame>: 25 0 Bip001_L_Finger11
																								<Transform>: -0.03546264 1.907349E-08 0 9.855858E-07 1.635013E-06 355.4835 1 0.9999999 1 8.031957E-09 1.459601E-08 -0.03940378 0.9992234  
																								<TransformMatrix>: 0.9968947 -0.07874636 -2.980233E-08 0 0.07874636 0.9968946 1.490116E-08 0 2.853637E-08 -1.720172E-08 1 0 -0.03546264 1.907349E-08 0 1  
																								<Children>: 1
																									<Frame>: 26 0 Bip001_L_Finger12
																										<Transform>: -0.02174091 1.907349E-08 0 0 0 342.6216 0.9999999 0.9999999 1 0 0 -0.1510746 0.9885224  
																										<TransformMatrix>: 0.9543529 -0.2986813 0 0 0.2986813 0.9543529 0 0 0 0 1 0 -0.02174091 1.907349E-08 0 1  
																										<Children>: 1
																											<Frame>: 27 0 Bip001_L_Finger1Nub
																												<Transform>: -0.01817341 0 0 0 -8.537737E-07 0 1 1 1 0 -7.450581E-09 0 1  
																												<TransformMatrix>: 1 0 1.490116E-08 0 0 1 0 0 -1.490116E-08 0 1 0 -0.01817341 0 0 1  
																												<Children>: 0
																											</Frame>
																									</Frame>
																							</Frame>
																					</Frame>
																					<Frame>: 28 0 Bip001_L_Finger2
																						<Transform>: -0.1228223 0.0004172516 0.01583021 348.7443 18.48257 308.107 1 1 1 -0.1569628 0.1013589 -0.4156099 0.8901446  
																						<TransformMatrix>: 0.6339896 -0.7717249 -0.04997763 0 0.7080867 0.6052623 -0.3636907 0 0.3109187 0.1951876 0.9301782 0 -0.1228223 0.0004172516 0.01583021 1  
																						<Children>: 1
																							<Frame>: 29 0 Bip001_L_Finger21
																								<Transform>: -0.04137298 1.907349E-08 -1.907349E-08 3.052232E-07 7.973507E-07 339.0533 1 1 1 1.354351E-09 7.32645E-09 -0.181778 0.9833396  
																								<TransformMatrix>: 0.9339138 -0.3574991 -1.490116E-08 0 0.357499 0.9339135 -2.220446E-16 0 1.391639E-08 -5.327149E-09 1 0 -0.04137298 1.907349E-08 -1.907349E-08 1  
																								<Children>: 1
																									<Frame>: 30 0 Bip001_L_Finger22
																										<Transform>: -0.0257626 0 0 -7.820879E-07 -1.754578E-06 335.9755 1 1 1 -3.488898E-09 -1.639673E-08 -0.2081209 0.9781032  
																										<TransformMatrix>: 0.9133714 -0.4071274 3.352762E-08 0 0.4071274 0.9133714 8.881784E-16 0 -3.062317E-08 1.365001E-08 1 0 -0.0257626 0 0 1  
																										<Children>: 1
																											<Frame>: 31 0 Bip001_L_Finger2Nub
																												<Transform>: -0.02401173 0 0 0 -3.201651E-07 0 0.9999999 0.9999999 0.9999999 0 -2.793968E-09 0 1  
																												<TransformMatrix>: 0.9999999 0 5.587935E-09 0 0 0.9999999 0 0 -5.587935E-09 0 0.9999999 0 -0.02401173 0 0 1  
																												<Children>: 0
																											</Frame>
																									</Frame>
																							</Frame>
																					</Frame>
																					<Frame>: 32 0 Bip001_L_Finger3
																						<Transform>: -0.117561 0.01772392 0.04078386 347.1889 33.31006 306.908 0.9999998 1 1 -0.2229072 0.2070238 -0.3968896 0.8659862  
																						<TransformMatrix>: 0.5992393 -0.779696 -0.1816204 0 0.5951077 0.585582 -0.5504004 0 0.5354988 0.221738 0.8149071 0 -0.117561 0.01772392 0.04078386 1  
																						<Children>: 1
																							<Frame>: 33 0 Bip001_L_Finger31
																								<Transform>: -0.02679535 1.907349E-08 1.907349E-08 -1.638751E-07 -7.594667E-07 331.8782 0.9999999 1 1 2.22963E-10 -6.776464E-09 -0.242953 0.9700381  
																								<TransformMatrix>: 0.8819475 -0.4713473 1.303852E-08 0 0.4713474 0.8819476 3.72529E-09 0 -1.32552E-08 2.86016E-09 1 0 -0.02679535 1.907349E-08 1.907349E-08 1  
																								<Children>: 1
																									<Frame>: 34 0 Bip001_L_Finger32
																										<Transform>: -0.02400642 0 -9.536743E-09 -5.061634E-07 -8.092963E-07 354.5417 0.9999999 0.9999999 1 -4.075822E-09 -7.264751E-09 -0.04761475 0.9988658  
																										<TransformMatrix>: 0.9954656 -0.09512147 1.490116E-08 0 0.09512147 0.9954656 -7.45058E-09 0 -1.412489E-08 8.834217E-09 1 0 -0.02400642 0 -9.536743E-09 1  
																										<Children>: 1
																											<Frame>: 35 0 Bip001_L_Finger3Nub
																												<Transform>: -0.01825527 0 0 -4.268868E-07 -8.537735E-07 0 1 1 1 -3.72529E-09 -7.45058E-09 -2.775557E-17 1  
																												<TransformMatrix>: 1 0 1.490116E-08 0 1.110223E-16 1 -7.450581E-09 0 -1.490116E-08 7.450581E-09 1 0 -0.01825527 0 0 1  
																												<Children>: 0
																											</Frame>
																									</Frame>
																							</Frame>
																					</Frame>
																					<Frame>: 36 0 Bip001_L_Finger4
																						<Transform>: -0.1040885 0.02009109 0.05749914 350.3911 27.18353 293.0657 0.9999999 1 1 -0.1970511 0.1504565 -0.5177122 0.8188454  
																						<TransformMatrix>: 0.4186738 -0.9071476 -0.04236976 0 0.7885574 0.38629 -0.4784952 0 0.4504328 0.1669224 0.8770674 0 -0.1040885 0.02009109 0.05749914 1  
																						<Children>: 1
																							<Frame>: 37 0 Bip001_L_Finger41
																								<Transform>: -0.02741409 -3.814697E-08 -9.536743E-09 -1.262393E-06 2.155378E-07 350.3109 0.9999999 0.9999998 1 -1.113595E-08 9.438329E-10 -0.08445273 0.9964275  
																								<TransformMatrix>: 0.9857354 -0.168302 0 0 0.168302 0.9857353 -2.235174E-08 0 3.761845E-09 2.203291E-08 1 0 -0.02741409 -3.814697E-08 -9.536743E-09 1  
																								<Children>: 1
																									<Frame>: 38 0 Bip001_L_Finger42
																										<Transform>: -0.01790783 0 -9.536743E-09 3.251271E-07 -1.25809E-06 355.3109 1 1 0.9999999 3.284029E-09 -1.085364E-08 -0.04090893 0.9991629  
																										<TransformMatrix>: 0.9966529 -0.08174936 2.142042E-08 0 0.08174936 0.9966529 7.450581E-09 0 -2.19578E-08 -5.674538E-09 0.9999999 0 -0.01790783 0 -9.536743E-09 1  
																										<Children>: 1
																											<Frame>: 39 0 Bip001_L_Finger4Nub
																												<Transform>: -0.01431084 0 9.536743E-09 -4.802477E-07 -6.403301E-07 -1.707547E-06 1 1 1 -4.190952E-09 -5.587935E-09 -1.490116E-08 1  
																												<TransformMatrix>: 1 -2.980232E-08 1.117587E-08 0 2.980232E-08 1 -8.381903E-09 0 -1.117587E-08 8.381904E-09 1 0 -0.01431084 0 9.536743E-09 1  
																												<Children>: 0
																											</Frame>
																									</Frame>
																							</Frame>
																					</Frame>
																			</Frame>
																	</Frame>
															</Frame>
													</Frame>
													<Frame>: 40 0 Bip001_Neck
														<Transform>: -0.2645099 0.0192499 5.339152E-08 1.57741E-05 6.902663E-05 334.2554 1 1 1 7.690049E-14 6.178994E-07 -0.2227789 0.974869  
														<TransformMatrix>: 0.9007392 -0.4343604 -1.204742E-06 0 0.4343605 0.9007393 -2.753098E-07 0 1.204742E-06 -2.7531E-07 1 0 -0.2645099 0.0192499 5.339152E-08 1  
														<Children>: 1
															<Frame>: 41 0 Bip001_Head
																<Transform>: -0.02587562 -0.008749123 -1.110398E-08 4.389302E-06 -3.709176E-05 13.49772 0.9999999 0.9999999 1 -4.104874E-13 -3.259451E-07 0.1175176 0.9930708  
																<TransformMatrix>: 0.9723791 0.2334067 6.473729E-07 0 -0.2334067 0.9723791 -7.66094E-08 0 -6.473732E-07 -7.660778E-08 1 0 -0.02587562 -0.008749123 -1.110398E-08 1  
																<Children>: 1
																	<Frame>: 42 0 Bip001_HeadNub
																		<Transform>: -0.3387214 -1.907349E-08 7.275957E-14 -4.885332E-12 6.513777E-12 -2.206953E-32 0.9999999 0.9999999 1 -4.263256E-14 5.684343E-14 2.423381E-27 1  
																		<TransformMatrix>: 0.9999999 -3.85186E-34 -1.136868E-13 0 -9.693524E-27 0.9999999 -8.526512E-14 0 1.136869E-13 8.526513E-14 1 0 -0.3387214 -1.907349E-08 7.275957E-14 1  
																		<Children>: 0
																	</Frame>
															</Frame>
													</Frame>
													<Frame>: 43 0 Bip001_R_Clavicle
														<Transform>: -0.1779424 1.361847E-05 -0.09009563 359.9544 89.66891 180.0004 1 0.9999999 1 0.7050608 0.0002797209 0.7091468 -0.0002833087  
														<TransformMatrix>: -0.005778432 -7.374445E-06 0.9999834 0 0.0007962552 -0.9999997 -2.773333E-06 0 0.999983 0.000796226 0.005778432 0 -0.1779424 1.361847E-05 -0.09009563 1  
														<Children>: 1
															<Frame>: 44 0 Bip001_R_UpperArm
																<Transform>: -0.08203876 -9.536743E-09 7.629394E-08 11.48726 67.11201 327.8024 1 1 0.9999999 -0.07237696 0.5515356 -0.2830709 0.7813072  
																<TransformMatrix>: 0.2313587 -0.5221676 -0.8208619 0 0.3624937 0.8292651 -0.4253446 0 0.9028131 -0.19915 0.3811401 0 -0.08203876 -9.536743E-09 7.629394E-08 1  
																<Children>: 1
																	<Frame>: 45 0 Bip001_R_Forearm
																		<Transform>: -0.2331829 0 0 -2.746521E-06 2.029654E-06 53.53593 0.9999998 0.9999997 0.9999999 -1.342233E-08 2.660864E-08 0.4503784 0.8928378  
																		<TransformMatrix>: 0.5943184 0.8042297 -5.960464E-08 0 -0.8042296 0.5943183 0 0 3.542415E-08 4.793583E-08 0.9999999 0 -0.2331829 0 0 1  
																		<Children>: 1
																			<Frame>: 46 0 Bip001_R_Hand
																				<Transform>: -0.1893205 -1.907349E-08 -3.814697E-08 89.96574 6.231922 0 1 1 0.9999999 0.7057803 0.03845149 -0.03842091 0.7063425  
																				<TransformMatrix>: 0.9940906 -2.980232E-08 -0.1085533 0 0.1085532 0.0007960796 0.9940905 0 8.640438E-05 -0.9999998 0.0007913708 0 -0.1893205 -1.907349E-08 -3.814697E-08 1  
																				<Children>: 5
																					<Frame>: 47 0 Bip001_R_Finger0
																						<Transform>: -0.0523595 0.02019997 0.04804853 339.3609 135.8832 321.5649 0.9999999 0.9999999 0.9999999 -0.3636542 0.8388554 0.03515843 0.4035358  
																						<TransformMatrix>: -0.409829 -0.5817311 -0.7025874 0 -0.6384819 0.733039 -0.2345093 0 0.6514453 0.3524806 -0.6718454 0 -0.0523595 0.02019997 0.04804853 1  
																						<Children>: 1
																							<Frame>: 48 0 Bip001_R_Finger01
																								<Transform>: -0.02955217 7.629394E-08 -1.907349E-08 349.0938 10.36136 291.98 1 0.9999999 0.9999999 -0.1287309 0.02157467 -0.5474183 0.8266173  
																								<TransformMatrix>: 0.3997356 -0.9105657 0.1052713 0 0.8994561 0.3675231 -0.2364431 0 0.1766073 0.1892016 0.9659258 0 -0.02955217 7.629394E-08 -1.907349E-08 1  
																								<Children>: 1
																									<Frame>: 49 0 Bip001_R_Finger02
																										<Transform>: -0.02955208 -7.629394E-08 9.536743E-09 354.1236 13.8254 304.5887 0.9999999 1 1 -0.1009356 0.08275935 -0.4554805 0.880625  
																										<TransformMatrix>: 0.5713766 -0.8189217 -0.05381153 0 0.7855084 0.5646989 -0.2531633 0 0.2377083 0.1023822 0.9659258 0 -0.02955208 -7.629394E-08 9.536743E-09 1  
																										<Children>: 1
																											<Frame>: 50 0 Bip001_R_Finger0Nub
																												<Transform>: -0.02955215 -1.907349E-08 -9.536743E-09 -3.73526E-07 4.574374E-23 180 -1 -0.9999999 -0.9999999 1.995947E-25 3.259629E-09 1 6.123234E-17  
																												<TransformMatrix>: 1 -1.224647E-16 2.46519E-32 0 1.224647E-16 0.9999999 -6.519258E-09 0 -7.983789E-25 -6.519258E-09 -0.9999999 0 -0.02955215 -1.907349E-08 -9.536743E-09 1  
																												<Children>: 0
																											</Frame>
																									</Frame>
																							</Frame>
																					</Frame>
																					<Frame>: 51 0 Bip001_R_Finger1
																						<Transform>: -0.1279588 0.0003866577 0.008810901 10.94823 354.9818 310.0495 0.9999998 0.9999998 0.9999998 0.1047924 0.000737188 -0.4161125 0.9032544  
																						<TransformMatrix>: 0.6536996 -0.7515563 -0.08854261 0 0.7518652 0.6317376 0.1886949 0 -0.08587913 -0.1899219 0.9780358 0 -0.1279588 0.0003866577 0.008810901 1  
																						<Children>: 1
																							<Frame>: 52 0 Bip001_R_Finger11
																								<Transform>: -0.03546264 1.907349E-08 0 -8.511224E-07 6.723155E-08 355.4835 1 1 1 -7.444794E-09 2.93581E-10 -0.03940377 0.9992234  
																								<TransformMatrix>: 0.9968948 -0.07874636 0 0 0.07874635 0.9968947 -1.490116E-08 0 1.173412E-09 1.485489E-08 1 0 -0.03546264 1.907349E-08 0 1  
																								<Children>: 1
																									<Frame>: 53 0 Bip001_R_Finger12
																										<Transform>: -0.0217408 0 0 7.650183E-07 2.444404E-06 342.6216 1 1 1 3.376779E-09 2.20952E-08 -0.1510745 0.9885224  
																										<TransformMatrix>: 0.9543531 -0.2986812 -4.470349E-08 0 0.2986812 0.9543531 -4.440893E-16 0 4.266291E-08 -1.335209E-08 1 0 -0.0217408 0 0 1  
																										<Children>: 1
																											<Frame>: 54 0 Bip001_R_Finger1Nub
																												<Transform>: -0.01817345 1.907349E-08 0 -8.537735E-07 8.537737E-07 180 -1 -1 -1 7.450581E-09 7.45058E-09 1 -1.167435E-16  
																												<TransformMatrix>: 1 1.224647E-16 -1.490116E-08 0 -3.445093E-16 1 -1.490116E-08 0 -1.490116E-08 -1.490116E-08 -1 0 -0.01817345 1.907349E-08 0 1  
																												<Children>: 0
																											</Frame>
																									</Frame>
																							</Frame>
																					</Frame>
																					<Frame>: 55 0 Bip001_R_Finger2
																						<Transform>: -0.1228223 0.0004172516 -0.01583023 7.8955 337.7619 327.4818 0.9999999 0.9999999 0.9999999 0.1187184 -0.165782 -0.261328 0.943467  
																						<TransformMatrix>: 0.8084478 -0.5324715 0.2507708 0 0.453746 0.8352271 0.3106607 0 -0.3748685 -0.1373667 0.9168445 0 -0.1228223 0.0004172516 -0.01583023 1  
																						<Children>: 1
																							<Frame>: 56 0 Bip001_R_Finger21
																								<Transform>: -0.04137298 -1.907349E-08 4.768371E-09 359.0517 355.0905 331.094 1 0.9999999 1 0.002683154 -0.04353679 -0.2496916 0.9673425  
																								<TransformMatrix>: 0.8715174 -0.4833083 0.08289006 0 0.482841 0.8752937 0.0269326 0 -0.08556989 0.01655048 0.9961947 0 -0.04137298 -1.907349E-08 4.768371E-09 1  
																								<Children>: 1
																									<Frame>: 57 0 Bip001_R_Finger22
																										<Transform>: -0.02576263 1.907349E-08 -4.768371E-09 358.7898 355.1483 346.0268 1 1 1 -0.005325129 -0.04329313 -0.1219654 0.9915754  
																										<TransformMatrix>: 0.9665003 -0.2414147 0.08715577 0 0.2423369 0.9701922 -7.450581E-09 0 -0.08455785 0.02112106 0.9961948 0 -0.02576263 1.907349E-08 -4.768371E-09 1  
																										<Children>: 1
																											<Frame>: 58 0 Bip001_R_Finger2Nub
																												<Transform>: -0.02401169 1.907349E-08 0 8.537737E-07 4.268868E-07 180 -1 -1 -1 3.72529E-09 -7.450581E-09 1 -3.347676E-17  
																												<TransformMatrix>: 1 1.224647E-16 -7.450581E-09 0 -1.144238E-17 1 1.490116E-08 0 -7.450581E-09 1.490116E-08 -1 0 -0.02401169 1.907349E-08 0 1  
																												<Children>: 0
																											</Frame>
																									</Frame>
																							</Frame>
																					</Frame>
																					<Frame>: 59 0 Bip001_R_Finger3
																						<Transform>: -0.1175609 0.01772392 -0.04078387 13.45397 327.4765 343.5853 0.9999998 0.9999998 1 0.1510005 -0.2591963 -0.1036357 0.9483015  
																						<TransformMatrix>: 0.8441536 -0.2748333 0.4602943 0 0.1182781 0.9329168 0.340112 0 -0.5228906 -0.2326641 0.8200322 0 -0.1175609 0.01772392 -0.04078387 1  
																						<Children>: 1
																							<Frame>: 60 0 Bip001_R_Finger31
																								<Transform>: -0.02679531 -3.814697E-08 0 0.2608561 0.965382 308.8804 0.9999999 1 1 -0.001581198 0.008582097 -0.4314538 0.9020928  
																								<TransformMatrix>: 0.6275479 -0.7784498 -0.01411927 0 0.7783957 0.6276903 -0.01025833 0 0.01684812 -0.004552782 0.9998478 0 -0.02679531 -3.814697E-08 0 1  
																								<Children>: 1
																									<Frame>: 61 0 Bip001_R_Finger32
																										<Transform>: -0.02400642 0 0 359.8688 0.9913524 7.540555 1 1 1 -0.0005738889 0.008707651 0.06576366 0.9977971  
																										<TransformMatrix>: 0.9911987 0.1312276 -0.01745242 0 -0.1312476 0.9913496 4.458707E-08 0 0.01730146 0.002290543 0.9998478 0 -0.02400642 0 0 1  
																										<Children>: 1
																											<Frame>: 62 0 Bip001_R_Finger3Nub
																												<Transform>: -0.01825523 3.814697E-08 9.536743E-09 8.537735E-07 4.268868E-07 180 -1 -1 -1 3.72529E-09 -7.45058E-09 1 -3.347677E-17  
																												<TransformMatrix>: 1 1.224647E-16 -7.450581E-09 0 -1.14424E-17 1 1.490116E-08 0 -7.45058E-09 1.490116E-08 -1 0 -0.01825523 3.814697E-08 9.536743E-09 1  
																												<Children>: 0
																											</Frame>
																									</Frame>
																							</Frame>
																					</Frame>
																					<Frame>: 63 0 Bip001_R_Finger4
																						<Transform>: -0.1040885 0.02009117 -0.05749914 9.608937 332.8165 346.0657 0.9999999 0.9999999 0.9999999 0.1092144 -0.2225726 -0.0979511 0.963815  
																						<TransformMatrix>: 0.881734 -0.2374297 0.4076421 0 0.1401972 0.9569555 0.2541274 0 -0.4504328 -0.1669225 0.8770672 0 -0.1040885 0.02009117 -0.05749914 1  
																						<Children>: 1
																							<Frame>: 64 0 Bip001_R_Finger41
																								<Transform>: -0.02741413 -3.814697E-08 -1.430511E-08 3.226188E-08 -4.761824E-07 337.3109 1 1 1 1.093456E-09 -4.018904E-09 -0.1967087 0.980462  
																								<TransformMatrix>: 0.9226115 -0.385731 7.450582E-09 0 0.385731 0.9226115 3.725291E-09 0 -8.310951E-09 -5.63076E-10 1 0 -0.02741413 -3.814697E-08 -1.430511E-08 1  
																								<Children>: 1
																									<Frame>: 65 0 Bip001_R_Finger42
																										<Transform>: -0.01790787 3.814697E-08 0 -6.661242E-07 -6.83696E-07 342.3109 1 1 1 -4.826552E-09 -6.789206E-09 -0.1537544 0.9881091  
																										<TransformMatrix>: 0.9527193 -0.3038523 1.490116E-08 0 0.3038523 0.9527193 -7.450581E-09 0 -1.193275E-08 1.162606E-08 1 0 -0.01790787 3.814697E-08 0 1  
																										<Children>: 1
																											<Frame>: 66 0 Bip001_R_Finger4Nub
																												<Transform>: -0.01431076 0 4.768371E-09 1.280661E-06 1.568357E-22 180 -0.9999999 -1 -0.9999999 6.843248E-25 -1.117587E-08 1 -6.123234E-17  
																												<TransformMatrix>: 0.9999999 1.224647E-16 0 0 -1.224647E-16 1 2.235174E-08 0 -2.737299E-24 2.235174E-08 -0.9999999 0 -0.01431076 0 4.768371E-09 1  
																												<Children>: 0
																											</Frame>
																									</Frame>
																							</Frame>
																					</Frame>
																			</Frame>
																	</Frame>
															</Frame>
													</Frame>
											</Frame>
									</Frame>
							</Frame>
					</Frame>
			</Frame>
			<Frame>: 67 0 Boss_UpperBody
				<Transform>: 0 0 0.4424511 270 0 0 1 1 1 -0.7071068 0 0 0.7071068  
				<TransformMatrix>: 1 0 0 0 0 -1.192093E-07 -1 0 0 1 -1.192093E-07 0 0 0 0.4424511 1  
				<SkinningInfo>: Boss_UpperBody
					<BonesPerVertex>: 4
					<Bounds>: 0.004079416 -0.02783565 0.3102515 0.273666 0.44459 0.6076251
					<BoneNames>: 49 Bip001_Head Bip001_L_Clavicle Bip001_R_Clavicle Bip001_Neck Bip001_R_UpperArm Bip001_Spine1 Bip001_Spine2 Bip001_Spine Bip001_L_UpperArm Bip001_R_Thigh Bip001_L_Thigh Bip001 Bip001_Pelvis Bip001_L_Forearm Bip001_L_Calf Bip001_R_Calf Bip001_L_Hand Bip001_L_Finger0 Bip001_R_Forearm Bip001_R_Hand Bip001_R_Finger0 Bip001_R_Finger01 Bip001_R_Finger2 Bip001_R_Finger3 Bip001_R_Finger1 Bip001_R_Finger4 Bip001_R_Finger11 Bip001_R_Finger21 Bip001_R_Finger02 Bip001_R_Finger41 Bip001_R_Finger12 Bip001_R_Finger22 Bip001_R_Finger31 Bip001_R_Finger32 Bip001_R_Finger42 Bip001_L_Finger2 Bip001_L_Finger3 Bip001_L_Finger1 Bip001_L_Finger4 Bip001_L_Finger01 Bip001_L_Finger11 Bip001_L_Finger21 Bip001_L_Finger02 Bip001_L_Finger41 Bip001_L_Finger12 Bip001_L_Finger22 Bip001_L_Finger31 Bip001_L_Finger32 Bip001_L_Finger42  
					<BoneOffsets>: 49 3.119518E-07 1.438657E-06 -1 0 0.2275486 -0.9737667 -1.329932E-06 0 -0.9737667 -0.2275485 -6.311324E-07 0 1.174576 0.3016792 7.453331E-07 1 1 1.370881E-06 -4.331469E-08 0 -1.370972E-06 1 -1.164153E-08 0 4.364438E-08 -1.164153E-08 1 0 0.08956769 -0.04229038 -1.094421 1 -1 1.370972E-06 -4.346248E-08 0 1.370972E-06 1 -2.328306E-08 0 4.321237E-08 -1.164153E-08 -1 0 0.08956757 -0.04229038 1.094421 1 5.964505E-07 1.539245E-06 -1 0 0.4350776 -0.9003931 -1.126423E-06 0 -0.900393 -0.4350776 -1.206731E-06 0 1.056139 0.5358632 1.428294E-06 1 -0.733647 0.01475248 -0.6793706 0 -0.04872368 0.9960489 0.07424549 0 0.6777815 0.08757135 -0.7300297 0 -0.613819 -0.1404946 0.9124039 1 1.091574E-09 1.402694E-06 -1 0 0.0007963157 -0.9999997 -1.402692E-06 0 -0.9999995 -0.0007963041 -2.208533E-09 0 0.8135279 0.04301809 6.133871E-08 1 1.091574E-09 1.402694E-06 -1 0 0.0007963157 -0.9999997 -1.402692E-06 0 -0.9999995 -0.0007963041 -2.208533E-09 0 0.9138464 0.04309798 6.156051E-08 1 1.091574E-09 1.402694E-06 -1 0 0.0007963157 -0.9999997 -1.402692E-06 0 -0.9999995 -0.0007963041 -2.208533E-09 0 0.7132096 0.04293822 6.111725E-08 1 0.7336469 -0.01474984 -0.6793709 0 -0.04872563 0.996049 -0.07424363 0 0.6777815 0.08757141 0.7300297 0 -0.6138188 -0.1404946 -0.9124041 1 -0.1031691 0.007121748 0.9946383 0 -0.08633751 -0.9962643 -0.001821993 0 0.9909095 -0.08606261 0.1033986 0 -0.6209431 0.09656231 -0.1650091 1 0.1031687 -0.007124498 0.9946384 0 -0.08633782 -0.9962643 0.001819225 0 0.9909096 -0.08606256 -0.1033984 0 -0.6209432 0.09656233 0.1650091 1 1.370907E-06 -1 1.457168E-14 0 1 1.370907E-06 0 0 -2.328306E-08 2.220446E-14 0.9999999 0 -0.04229043 -5.797625E-08 -0.6406707 1 1.3868E-06 -2.757707E-06 -1 0 1.164153E-08 -1 2.757707E-06 0 -1 0 -1.3868E-06 0 0.6406708 0.04229045 7.718576E-07 1 0.7222539 -0.1296335 -0.6793707 0 0.1080991 0.9913639 -0.07424361 0 0.6831281 -0.01981664 0.7300297 0 -0.3979603 -0.07905635 -0.9124039 1 0.1029712 -0.009564073 0.9946386 0 -0.1098913 -0.9939419 0.001819257 0 0.9885952 -0.1094894 -0.1033984 0 -0.3697552 0.1053425 0.1650092 1 -0.1029717 0.009561345 0.9946381 0 -0.109891 -0.993942 -0.001822015 0 0.9885954 -0.1094894 0.1033986 0 -0.3697552 0.1053425 -0.1650091 1 0.8292527 0.5435281 -0.1300663 0 0.1193492 0.05513388 0.9913203 0 0.5459815 -0.8375784 -0.01914968 0 -0.04703295 0.9347092 -0.0798007 1 0.6397259 0.2146628 -0.7380182 0 0.2732282 0.8339732 0.4794112 0 0.7183992 -0.5083392 0.4748623 0 -0.2189479 0.5124509 -0.7258236 1 -0.7222536 0.1296361 -0.6793705 0 0.108101 0.9913635 0.0742455 0 0.6831281 -0.01981661 -0.7300298 0 -0.3979603 -0.07905634 0.9124039 1 -0.8292524 -0.5435279 -0.130069 0 0.1193513 0.05513535 -0.9913199 0 0.5459815 -0.8375785 0.01914967 0 -0.04703295 0.9347092 0.07980065 1 -0.6397252 -0.2146606 -0.7380195 0 0.27323 0.8339738 -0.4794092 0 0.7183991 -0.5083391 -0.4748622 0 -0.2189479 0.512451 0.7258235 1 -0.5727552 -0.3567619 -0.7380195 0 0.0729927 0.8745508 -0.4794093 0 0.8164705 -0.328454 -0.4748622 0 -0.3027532 0.4547716 0.7258234 1 0.163551 -0.9561563 0.2429328 0 0.0526838 -0.2374321 -0.9699743 0 0.9851272 0.1714389 0.0115417 0 -0.8255067 0.4389157 -0.1169729 1 0.339054 -0.821424 0.45859 0 0.07934717 -0.4607581 -0.8839717 0 0.9374149 0.3361019 -0.09104419 0 -0.8806571 0.2538091 -0.1428329 1 0.1625171 -0.9855749 0.04723128 0 0.1369333 -0.02487647 -0.9902679 0 0.9771578 0.1674031 0.1309153 0 -0.8163875 0.4525937 -0.1149678 1 0.567597 -0.7451273 0.3501703 0 0.1353655 -0.3350728 -0.9324175 0 0.8121023 0.5766383 -0.08932178 0 -0.9245211 0.0231438 -0.05794884 1 0.5034124 -0.8627548 0.0472312 0 0.1367982 0.02560906 -0.9902676 0 0.8531486 0.5049742 0.1309152 0 -0.8910004 0.1442335 -0.1149677 1 0.7098655 -0.6611163 0.2429327 0 0.1858715 -0.1568481 -0.9699745 0 0.6793695 0.7337056 0.01154169 0 -0.8896693 -0.1264948 -0.1169728 1 -0.2422887 -0.6297805 -0.7380194 0 -0.4685291 0.7420562 -0.4794092 0 0.8495745 0.2296281 -0.4748623 0 -0.4920118 0.198445 0.7258235 1 0.9075308 -0.2318805 0.3501703 0 0.3141182 -0.1786823 -0.9324176 0 0.2787786 0.9561925 -0.08932173 0 -0.7177239 -0.5387103 -0.05794882 1 0.8979816 -0.4374909 0.04723116 0 0.0994961 0.09731444 -0.9902678 0 0.4286368 0.8939416 0.1309152 0 -0.8028209 -0.3631721 -0.1149677 1 0.9690782 -0.04325667 0.2429327 0 0.2432045 0.001054071 -0.9699745 0 0.04170192 0.9990636 0.01154167 0 -0.5758256 -0.6563234 -0.1169728 1 0.8526058 -0.2505166 0.4585902 0 0.4087932 -0.2268969 -0.8839716 0 0.3255022 0.9411479 -0.09104417 0 -0.7328637 -0.5063688 -0.142833 1 0.8687118 0.1871764 0.4585902 0 0.4675227 -0.004069298 -0.8839717 0 -0.1635925 0.982318 -0.09104417 0 -0.3808811 -0.7834653 -0.1428329 1 0.8854614 0.3055146 0.3501702 0 0.3606148 0.02354854 -0.9324176 0 -0.2931132 0.9518964 -0.08932178 0 -0.2881417 -0.8348208 -0.05794878 1 -0.1635509 0.9561557 0.2429355 0 0.05268424 -0.2374347 0.9699737 0 0.9851272 0.1714389 -0.01154172 0 -0.8255067 0.4389157 0.1169729 1 -0.3390538 0.821423 0.4585926 0 0.07934812 -0.4607604 0.8839705 0 0.9374149 0.3361021 0.09104419 0 -0.8806571 0.2538093 0.142833 1 -0.1625167 0.9855745 0.04723382 0 0.1369338 -0.02487901 0.9902676 0 0.9771579 0.167403 -0.1309152 0 -0.8163877 0.4525938 0.1149677 1 -0.5675967 0.7451263 0.3501729 0 0.1353671 -0.3350748 0.9324164 0 0.8121023 0.5766383 0.08932178 0 -0.9245211 0.02314398 0.05794889 1 0.5727553 0.3567643 -0.7380182 0 0.07299117 0.8745497 0.4794112 0 0.8164704 -0.328454 0.4748623 0 -0.302753 0.4547716 -0.7258236 1 -0.5034119 0.8627546 0.04723388 0 0.1367995 0.02560676 0.9902676 0 0.8531485 0.5049742 -0.1309152 0 -0.8910004 0.1442336 0.1149677 1 -0.709865 0.661116 0.2429353 0 0.1858735 -0.1568498 0.9699737 0 0.6793696 0.7337058 -0.01154171 0 -0.8896695 -0.1264948 0.1169728 1 0.2422874 0.6297826 -0.738018 0 -0.4685296 0.7420545 0.4794112 0 0.8495744 0.2296281 0.4748622 0 -0.4920117 0.1984451 -0.7258236 1 -0.9075301 0.23188 0.3501729 0 0.3141207 -0.1786829 0.9324167 0 0.2787786 0.9561925 0.08932178 0 -0.717724 -0.5387102 0.05794891 1 -0.8979816 0.4374911 0.04723388 0 0.09949857 0.09731324 0.9902678 0 0.4286368 0.8939416 -0.1309152 0 -0.802821 -0.3631721 0.1149677 1 -0.9690776 0.04325671 0.2429354 0 0.2432071 0.001053966 0.9699737 0 0.04170186 0.9990634 -0.01154171 0 -0.5758258 -0.6563234 0.1169728 1 -0.8526046 0.2505159 0.4585927 0 0.4087954 -0.2268976 0.8839705 0 0.3255023 0.9411481 0.09104415 0 -0.7328639 -0.5063689 0.1428331 1 -0.8687105 -0.1871763 0.4585927 0 0.4675251 -0.00406875 0.8839705 0 -0.1635925 0.982318 0.09104417 0 -0.3808812 -0.7834651 0.1428331 1 -0.8854604 -0.3055145 0.3501729 0 0.3606173 0.02354938 0.9324165 0 -0.2931131 0.9518963 0.08932176 0 -0.2881419 -0.8348208 0.05794888 1  
