<Hierarchy>:
	<Frame>: 0 0 Boss_Run
		<Transform>: 0 0 0 0 0 0 1 1 1 0 0 0 1  
		<TransformMatrix>: 1 0 0 0 0 1 0 0 0 0 1 0 0 0 0 1  
		<Children>: 2
			<Frame>: 1 0 Bip001
				<Transform>: 0 0.6409077 0 270 89.99992 0 1 1 1 -0.5000004 0.4999997 0.4999997 0.5000004  
				<TransformMatrix>: 1.311302E-06 -5.960464E-08 -1 0 -1 -2.384186E-07 -1.430511E-06 0 -5.960464E-08 1 -2.384186E-07 0 0 0.6409077 0 1  
				<Children>: 1
					<Frame>: 2 0 Bip001_Pelvis
						<Transform>: -1.308346E-05 -9.465962E-06 0.03552609 270.2961 79.96455 0.035053 1 1 1 -0.5402745 0.4556902 0.453345 0.5430729  
						<TransformMatrix>: 0.1736494 3.159046E-06 -0.9848076 0 -0.9847944 0.00516355 -0.1736471 0 0.005084574 0.9999866 0.0008997917 0 -1.308346E-05 -9.465962E-06 0.03552609 1  
						<Children>: 1
							<Frame>: 3 0 Bip001_Spine
								<Transform>: -0.07256985 -7.983297E-05 5.083712E-08 1.186159 0.05742256 2.168236 1 1 1 -0.01035863 -0.0003051459 -0.0189141 -0.9997675  
								<TransformMatrix>: 0.9992844 0.03782572 -0.0002183017 0 -0.03781308 0.99907 0.02072398 0 0.001001998 -0.0207009 0.9997852 0 -0.07256985 -7.983297E-05 5.083712E-08 1  
								<Children>: 3
									<Frame>: 4 0 Bip001_L_Thigh
										<Transform>: 0.07262421 0.0001348182 0.09931695 6.783427 176.7486 336.7974 0.9999999 1 1 0.1990233 -0.9777988 0.06362532 -0.01584937  
										<TransformMatrix>: -0.920277 -0.3912263 -0.005669146 0 -0.3871927 0.9126831 -0.1307343 0 0.05632084 -0.1181167 -0.9914013 0 0.07262421 0.0001348182 0.09931695 1  
										<Children>: 1
											<Frame>: 5 0 Bip001_L_Calf
												<Transform>: -0.2488009 -2.924352E-07 1.564623E-07 3.961493 2.173079 15.79367 1 0.9999999 1 0.03683345 0.01402367 0.1366339 0.9898373  
												<TransformMatrix>: 0.962269 0.2715237 -0.0176969 0 -0.2694575 0.9599488 0.07675045 0 0.03782769 -0.06908603 0.9968933 0 -0.2488009 -2.924352E-07 1.564623E-07 1  
												<Children>: 1
													<Frame>: 6 0 Bip001_L_Foot
														<Transform>: -0.2435673 0.0003442823 -0.0009328643 349.9242 1.508731 353.8578 1 0.9999999 1 -0.08838391 0.008391814 -0.05220881 0.994682  
														<TransformMatrix>: 0.9944077 -0.1053457 -0.007465534 0 0.1023789 0.978925 -0.176704 0 0.02592321 0.1749515 0.9842357 0 -0.2435673 0.0003442823 -0.0009328643 1  
														<Children>: 1
															<Frame>: 7 0 Bip001_L_Toe0
																<Transform>: -0.1457933 0.2430716 3.164924E-06 3.527921E-06 7.824796E-08 274.3933 1 1 1 2.212409E-08 2.142021E-08 -0.679484 0.7336905  
																<TransformMatrix>: 0.07660311 -0.9970618 -6.149753E-08 0 0.9970618 0.07660311 3.355089E-09 0 1.365684E-09 -6.157384E-08 1 0 -0.1457933 0.2430716 3.164924E-06 1  
																<Children>: 1
																	<Frame>: 8 0 Bip001_L_Toe0Nub
																		<Transform>: -0.009466019 0 0 1.694346E-29 1.383539E-13 180 -1 -1 -1 1.207365E-15 -7.39298E-32 1 6.123234E-17  
																		<TransformMatrix>: 1 -1.224647E-16 -2.41473E-15 0 1.224647E-16 1 -1.175494E-38 0 -2.41473E-15 2.957192E-31 -1 0 -0.009466019 0 0 1  
																		<Children>: 0
																	</Frame>
															</Frame>
													</Frame>
											</Frame>
									</Frame>
									<Frame>: 9 0 Bip001_R_Thigh
										<Transform>: 0.07262389 0.0001354366 -0.0994328 3.090087 179.715 347.7128 1 0.9999999 1 0.1069146 -0.9938995 0.02707394 0.0004138522  
										<TransformMatrix>: -0.9771385 -0.2125023 0.006611854 0 -0.2125471 0.9756725 -0.05372906 0 0.004966544 -0.05390605 -0.998534 0 0.07262389 0.0001354366 -0.0994328 1  
										<Children>: 1
											<Frame>: 10 0 Bip001_R_Calf
												<Transform>: -0.2488014 -1.866137E-07 9.476205E-08 355.8773 357.8465 86.40833 1 1 1 -0.03907108 0.01093165 0.6835436 0.7287813  
												<TransformMatrix>: 0.06529737 0.9954533 -0.06934714 0 -0.9971617 0.06248331 -0.04200402 0 -0.03748 0.07189307 0.9967079 0 -0.2488014 -1.866137E-07 9.476205E-08 1  
												<Children>: 1
													<Frame>: 11 0 Bip001_R_Foot
														<Transform>: -0.2435719 -3.725291E-05 -0.0004011949 2.250597 357.6405 350.5209 1 1 1 0.02126845 -0.01889221 -0.08218975 0.9962107  
														<TransformMatrix>: 0.9857761 -0.1645603 0.03414516 0 0.162953 0.9855852 0.04548122 0 -0.04113735 -0.03927023 0.9983815 0 -0.2435719 -3.725291E-05 -0.0004011949 1  
														<Children>: 1
															<Frame>: 12 0 Bip001_R_Toe0
																<Transform>: -0.1457929 0.2430616 -7.206112E-07 -5.499641E-05 9.388039E-05 325.6066 0.9999999 1 1 -7.006957E-07 6.407425E-07 -0.2956527 0.9552956  
																<TransformMatrix>: 0.8251789 -0.5648714 -8.098718E-07 0 0.5648715 0.8251789 -1.717618E-06 0 1.638522E-06 9.598684E-07 1 0 -0.1457929 0.2430616 -7.206112E-07 1  
																<Children>: 1
																	<Frame>: 13 0 Bip001_R_Toe0Nub
																		<Transform>: -0.009466037 0 0 1.679333E-12 1.017778E-12 1.707547E-06 1 1 1 1.465494E-14 8.881784E-15 1.490116E-08 1  
																		<TransformMatrix>: 1 2.980232E-08 -1.776357E-14 0 -2.980232E-08 1 2.930989E-14 0 1.776357E-14 -2.930989E-14 1 0 -0.009466037 0 0 1  
																		<Children>: 0
																	</Frame>
															</Frame>
													</Frame>
											</Frame>
									</Frame>
									<Frame>: 14 0 Bip001_Spine1
										<Transform>: -0.1003185 -7.991482E-05 -4.304455E-08 0.593755 0.0004727836 2.678981E-06 0.9999999 0.9999999 1 0.005181467 4.125638E-06 2.000432E-09 0.9999866  
										<TransformMatrix>: 0.9999999 4.675452E-08 -8.251144E-06 0 3.87529E-08 0.9999462 0.01036279 0 8.251187E-06 -0.01036279 0.9999463 0 -0.1003185 -7.991482E-05 -4.304455E-08 1  
										<Children>: 1
											<Frame>: 15 0 Bip001_Spine2
												<Transform>: -0.1003184 -7.992236E-05 -4.311323E-08 0.5937535 0.0004710595 -2.131282E-06 0.9999999 0.9999999 1 0.005181453 4.110811E-06 -3.989846E-08 0.9999866  
												<TransformMatrix>: 0.9999999 -3.71959E-08 -8.221925E-06 0 1.223958E-07 0.9999462 0.01036277 0 8.221098E-06 -0.01036277 0.9999463 0 -0.1003184 -7.992236E-05 -4.311323E-08 1  
												<Children>: 1
													<Frame>: 16 0 Bip001_Spine3
														<Transform>: -0.1003185 -7.992981E-05 -4.311344E-08 0 0 1.707547E-06 0.9999999 0.9999999 1 0 0 1.490115E-08 1  
														<TransformMatrix>: 0.9999999 2.980231E-08 0 0 -2.980231E-08 0.9999999 0 0 0 0 1 0 -0.1003185 -7.992981E-05 -4.311344E-08 1  
														<Children>: 1
															<Frame>: 17 0 Bip001_Neck
																<Transform>: -0.1698991 0.01924986 0.0003010313 0.8906259 0.0007726516 334.2554 0.9999999 1 1 0.007575276 0.001738032 -0.2227721 0.9748396  
																<TransformMatrix>: 0.9007391 -0.4343078 -0.006763724 0 0.4343605 0.9006304 0.01399499 0 1.348369E-05 -0.01554373 0.9998792 0 -0.1698991 0.01924986 0.0003010313 1  
																<Children>: 3
																	<Frame>: 18 0 Bip001_Head
																		<Transform>: -0.01944713 -0.005642831 -1.964874E-08 356.7928 358.4484 15.3224 0.9999999 0.9999999 1 -0.02953686 -0.009683415 0.1328751 0.9906453  
																		<TransformMatrix>: 0.9645007 0.2638363 0.01133623 0 -0.2626922 0.9629434 -0.06109448 0 -0.02703509 0.05594774 0.9980676 0 -0.01944713 -0.005642831 -1.964874E-08 1  
																		<Children>: 1
																			<Frame>: 19 0 Bip001_HeadNub
																				<Transform>: -0.3387214 1.907349E-08 0 -4.885333E-12 6.513777E-12 -2.206953E-32 1 1 1 -4.263257E-14 5.684343E-14 2.423381E-27 1  
																				<TransformMatrix>: 1 -3.85186E-34 -1.136869E-13 0 -9.693524E-27 1 -8.526514E-14 0 1.136869E-13 8.526514E-14 1 0 -0.3387214 1.907349E-08 0 1  
																				<Children>: 0
																			</Frame>
																	</Frame>
																	<Frame>: 20 0 Bip001_L_Clavicle
																		<Transform>: 0.08973677 0.02037473 0.08957877 25.79001 270.259 180.1125 1 0.9999999 0.9999999 0.6878691 0.1574823 -0.6906754 0.1581229  
																		<TransformMatrix>: -0.003666282 -0.001768768 -0.9999917 0 0.4350775 -0.9003927 -2.562999E-06 0 -0.9003853 -0.435074 0.004070758 0 0.08973677 0.02037473 0.08957877 1  
																		<Children>: 1
																			<Frame>: 21 0 Bip001_L_UpperArm
																				<Transform>: -0.08204396 1.105887E-06 -4.917381E-06 2.978108 290.2427 326.7856 0.9999999 1 0.9999999 0.1838101 -0.5417086 -0.2201481 0.7901267  
																				<TransformMatrix>: 0.3161731 -0.5470327 0.775106 0 0.1487467 0.8354974 0.5289788 0 -0.9369678 -0.05195438 0.3455311 0 -0.08204396 1.105887E-06 -4.917381E-06 1  
																				<Children>: 1
																					<Frame>: 22 0 Bip001_L_Forearm
																						<Transform>: -0.2332035 8.493647E-07 4.619351E-07 3.285786 15.17425 56.38313 1 0.9999999 0.9999999 0.08739752 0.1028973 0.4647562 0.875086  
																						<TransformMatrix>: 0.5468276 0.8313892 -0.09885094 0 -0.7954173 0.5527266 0.248605 0 0.2613251 -0.05731635 0.9635476 0 -0.2332035 8.493647E-07 4.619351E-07 1  
																						<Children>: 1
																							<Frame>: 23 0 Bip001_L_Hand
																								<Transform>: -0.1893424 -0.0001484976 0.0002156384 288.1961 180.181 173.6497 0.9999999 0.9999999 0.9999999 0.8088286 0.04394108 0.03120222 -0.5855697  
																								<TransformMatrix>: 0.9941912 0.03453946 0.1019356 0 0.1076237 -0.3103546 -0.9445089 0 -0.000986643 0.9499931 -0.3122691 0 -0.1893424 -0.0001484976 0.0002156384 1  
																								<Children>: 5
																									<Frame>: 24 0 Bip001_L_Finger0
																										<Transform>: -0.05235949 0.0202 -0.0480487 56.47 327.7355 333.5894 1 1 1 0.4983643 -0.1345043 -0.06536019 0.8539729  
																										<TransformMatrix>: 0.9552734 -0.245696 0.1645797 0 -0.02243265 0.4947222 0.8687618 0 -0.2948725 -0.8335967 0.4670832 0 -0.05235949 0.0202 -0.0480487 1  
																										<Children>: 1
																											<Frame>: 25 0 Bip001_L_Finger01
																												<Transform>: -0.02955222 2.235166E-08 -1.862645E-09 342.6902 6.487649 345.9662 1 1 1 -0.15595 0.03716807 -0.112126 0.9806763  
																												<TransformMatrix>: 0.9720927 -0.2315114 -0.03792761 0 0.2083259 0.9262149 -0.3142079 0 0.1078718 0.2975378 0.9485964 0 -0.02955222 2.235166E-08 -1.862645E-09 1  
																												<Children>: 1
																													<Frame>: 26 0 Bip001_L_Finger02
																														<Transform>: -0.02955217 3.166486E-08 -2.887096E-08 341.6744 2.182503 322.9327 1 1 1 -0.1569308 -0.03278065 -0.3108735 0.9368329  
																														<TransformMatrix>: 0.8045663 -0.5721844 0.1589913 0 0.5927616 0.7574609 -0.2736547 0 0.03615128 0.3144172 0.9485963 0 -0.02955217 3.166486E-08 -2.887096E-08 1  
																														<Children>: 1
																															<Frame>: 27 0 Bip001_L_Finger0Nub
																																<Transform>: -0.02955215 -1.907349E-08 1.907349E-08 -1.280661E-06 -1.707547E-06 -1.707547E-06 1 1 1 -1.117587E-08 -1.490116E-08 -1.490116E-08 1  
																																<TransformMatrix>: 1 -2.980232E-08 2.980232E-08 0 2.980232E-08 1 -2.235174E-08 0 -2.980232E-08 2.235174E-08 1 0 -0.02955215 -1.907349E-08 1.907349E-08 1  
																																<Children>: 0
																															</Frame>
																													</Frame>
																											</Frame>
																									</Frame>
																									<Frame>: 28 0 Bip001_L_Finger1
																										<Transform>: -0.1279588 0.0003867136 -0.008810966 352.1638 1.307413 310.6555 1 0.9999999 1 -0.06684033 -0.018178 -0.4157158 0.906853  
																										<TransformMatrix>: 0.6536999 -0.7515563 0.0885427 0 0.7564163 0.6454254 -0.1061149 0 0.02260362 0.1363425 0.9904039 0 -0.1279588 0.0003867136 -0.008810966 1  
																										<Children>: 1
																											<Frame>: 29 0 Bip001_L_Finger11
																												<Transform>: -0.0354627 8.195548E-08 -4.19093E-09 356.2776 3.505867 355.1315 1 0.9999999 1 -0.03373227 0.02916716 -0.04143806 0.9981454  
																												<TransformMatrix>: 0.9948643 -0.08469016 -0.05543054 0 0.08075465 0.99429 -0.06975667 0 0.06102174 0.06492216 0.9960228 0 -0.0354627 8.195548E-08 -4.19093E-09 1  
																												<Children>: 1
																													<Frame>: 30 0 Bip001_L_Finger12
																														<Transform>: -0.02174098 -1.210697E-08 0 355.2724 1.946251 342.3032 0.9999999 0.9999999 1 -0.0433582 0.01042365 -0.1529753 0.9872234  
																														<TransformMatrix>: 0.9529797 -0.3029455 -0.007315472 0 0.3011377 0.9494372 -0.08879758 0 0.03384641 0.08241934 0.9960228 0 -0.02174098 -1.210697E-08 0 1  
																														<Children>: 1
																															<Frame>: 31 0 Bip001_L_Finger1Nub
																																<Transform>: -0.01817345 0 0 0 -8.537737E-07 0 1 1 1 0 -7.450581E-09 0 1  
																																<TransformMatrix>: 1 0 1.490116E-08 0 0 1 0 0 -1.490116E-08 0 1 0 -0.01817345 0 0 1  
																																<Children>: 0
																															</Frame>
																													</Frame>
																											</Frame>
																									</Frame>
																									<Frame>: 32 0 Bip001_L_Finger2
																										<Transform>: -0.1228224 0.0004173503 0.01583026 351.332 15.16816 308.6807 1 1 1 -0.1245092 0.08618767 -0.4190188 0.8952611  
																										<TransformMatrix>: 0.6339898 -0.7717248 -0.04997754 0 0.7288002 0.6178414 -0.295165 0 0.2586644 0.150708 0.9541384 0 -0.1228224 0.0004173503 0.01583026 1  
																										<Children>: 1
																											<Frame>: 33 0 Bip001_L_Finger21
																												<Transform>: -0.04137316 8.568077E-08 -5.122241E-09 354.9154 3.200482 339.0331 1 1 1 -0.04867531 0.01936508 -0.1804831 0.9821821  
																												<TransformMatrix>: 0.9341019 -0.3564199 -0.02046993 0 0.3526494 0.9301131 -0.1026062 0 0.05561021 0.08862589 0.9945114 0 -0.04137316 8.568077E-08 -5.122241E-09 1  
																												<Children>: 1
																													<Frame>: 34 0 Bip001_L_Finger22
																														<Transform>: -0.02576273 9.313013E-10 2.514555E-08 354.0193 359.4513 336.1261 1 1 1 -0.05005028 -0.01546836 -0.2067953 0.9769807  
																														<TransformMatrix>: 0.9139928 -0.4025217 0.0509249 0 0.4056185 0.9094613 -0.09139875 0 -0.009524249 0.1041939 0.9945114 0 -0.02576273 9.313013E-10 2.514555E-08 1  
																														<Children>: 1
																															<Frame>: 35 0 Bip001_L_Finger2Nub
																																<Transform>: -0.02401169 0 0 0 -3.201652E-07 0 1 1 1 0 -2.793968E-09 0 1  
																																<TransformMatrix>: 1 0 5.587936E-09 0 0 1 0 0 -5.587936E-09 0 1 0 -0.02401169 0 0 1  
																																<Children>: 0
																															</Frame>
																													</Frame>
																											</Frame>
																									</Frame>
																									<Frame>: 36 0 Bip001_L_Finger3
																										<Transform>: -0.117561 0.01772405 0.04078397 345.0347 36.30281 306.1893 0.9999998 1 1 -0.2501229 0.2194449 -0.3901595 0.8585209  
																										<TransformMatrix>: 0.5992388 -0.7796965 -0.1816204 0 0.5601439 0.5704281 -0.6007085 0 0.5719718 0.2582344 0.778565 0 -0.117561 0.01772405 0.04078397 1  
																										<Children>: 1
																											<Frame>: 37 0 Bip001_L_Finger31
																												<Transform>: -0.02679531 8.009302E-08 -3.259605E-09 350.7471 9.225381 331.6006 0.9999999 1 1 -0.09760462 0.05798672 -0.2374227 0.9647494  
																												<TransformMatrix>: 0.8805359 -0.4694262 -0.06553821 0 0.4467872 0.8682076 -0.2158627 0 0.1582324 0.1607933 0.9742218 0 -0.02679531 8.009302E-08 -3.259605E-09 1  
																												<Children>: 1
																													<Frame>: 38 0 Bip001_L_Finger32
																														<Transform>: -0.02400652 6.216415E-08 2.048894E-08 347.0517 358.4624 355.1867 0.9999999 0.9999999 1 -0.1120857 -0.01805493 -0.0432313 0.9925936  
																														<TransformMatrix>: 0.9956101 -0.08177482 0.04553362 0 0.08986961 0.9711357 -0.2209499 0 -0.02615119 0.2240721 0.9742216 0 -0.02400652 6.216415E-08 2.048894E-08 1  
																														<Children>: 1
																															<Frame>: 39 0 Bip001_L_Finger3Nub
																																<Transform>: -0.01825527 3.814697E-08 9.536743E-09 -4.268868E-07 -8.537735E-07 0 1 1 1 -3.72529E-09 -7.45058E-09 -2.775557E-17 1  
																																<TransformMatrix>: 1 0 1.490116E-08 0 1.110223E-16 1 -7.450581E-09 0 -1.490116E-08 7.450581E-09 1 0 -0.01825527 3.814697E-08 9.536743E-09 1  
																																<Children>: 0
																															</Frame>
																													</Frame>
																											</Frame>
																									</Frame>
																									<Frame>: 40 0 Bip001_L_Finger4
																										<Transform>: -0.1040886 0.02009123 0.05749934 346.1503 37.88391 290.8829 0.9999999 1 1 -0.2767073 0.2006934 -0.5003852 0.7954683  
																										<TransformMatrix>: 0.4186737 -0.9071478 -0.04237005 0 0.6850145 0.3460955 -0.6410719 0 0.596211 0.2393758 0.7663105 0 -0.1040886 0.02009123 0.05749934 1  
																										<Children>: 1
																											<Frame>: 41 0 Bip001_L_Finger41
																												<Transform>: -0.02741424 5.215345E-08 8.381844E-09 351.4319 4.427591 350.2526 0.9999999 0.9999998 1 -0.07764821 0.03203935 -0.08178402 0.993104  
																												<TransformMatrix>: 0.9845697 -0.1674157 -0.05093604 0 0.1574644 0.9745641 -0.1594661 0 0.07633758 0.1489849 0.9858886 0 -0.02741424 5.215345E-08 8.381844E-09 1  
																												<Children>: 1
																													<Frame>: 42 0 Bip001_L_Finger42
																														<Transform>: -0.01790782 2.304973E-08 5.587895E-09 350.5496 358.1045 355.7411 1 1 0.9999999 -0.08169616 -0.01953329 -0.03838776 0.9957262  
																														<TransformMatrix>: 0.9962897 -0.07325581 0.04517188 0 0.079639 0.9837042 -0.1611943 0 -0.03262734 0.1641937 0.9858883 0 -0.01790782 2.304973E-08 5.587895E-09 1  
																														<Children>: 1
																															<Frame>: 43 0 Bip001_L_Finger4Nub
																																<Transform>: -0.0143108 0 0 -4.802477E-07 -6.403301E-07 -1.707547E-06 1 1 1 -4.190952E-09 -5.587935E-09 -1.490116E-08 1  
																																<TransformMatrix>: 1 -2.980232E-08 1.117587E-08 0 2.980232E-08 1 -8.381903E-09 0 -1.117587E-08 8.381903E-09 1 0 -0.0143108 0 0 1  
																																<Children>: 0
																															</Frame>
																													</Frame>
																											</Frame>
																									</Frame>
																							</Frame>
																					</Frame>
																			</Frame>
																	</Frame>
																	<Frame>: 44 0 Bip001_R_Clavicle
																		<Transform>: 0.08852572 0.02288154 -0.08957735 334.2115 90.70083 179.6952 1 0.9999999 0.9999999 -0.6930591 -0.1586686 -0.6854674 0.1569323  
																		<TransformMatrix>: 0.009917378 0.004789501 0.9999393 0 0.4350774 -0.9003929 -2.369284E-06 0 0.9003384 0.4350511 -0.01101327 0 0.08852572 0.02288154 -0.08957735 1  
																		<Children>: 1
																			<Frame>: 45 0 Bip001_R_UpperArm
																				<Transform>: -0.08204431 1.152861E-06 5.103646E-06 1.82575 74.61828 350.5223 1 1 0.9999999 0.03743871 -0.6050136 0.07532465 -0.7917596  
																				<TransformMatrix>: 0.2565694 -0.1645799 -0.9524105 0 0.07397616 0.9858491 -0.1504298 0 0.9636906 -0.03185995 0.2651137 0 -0.08204431 1.152861E-06 5.103646E-06 1  
																				<Children>: 1
																					<Frame>: 46 0 Bip001_R_Forearm
																						<Transform>: -0.233206 6.086189E-06 -2.667309E-06 355.8556 344.9579 62.41547 0.9999998 0.9999997 0.9999999 -0.09843645 -0.09330261 0.5093008 0.8498338  
																						<TransformMatrix>: 0.4638146 0.8840107 0.05831591 0 -0.8472731 0.4618458 -0.2623474 0 -0.2588509 0.07227106 0.9632096 0 -0.233206 6.086189E-06 -2.667309E-06 1  
																						<Children>: 1
																							<Frame>: 47 0 Bip001_R_Hand
																								<Transform>: -0.1893471 -0.0001380891 -0.0002176314 73.02483 179.8301 173.6559 1 1 0.9999999 -0.8025447 -0.04359298 0.03173409 -0.5941505  
																								<TransformMatrix>: 0.9941852 0.03226098 -0.1027376 0 0.1076803 -0.29017 0.9508978 0 0.0008655376 -0.9564313 -0.2919565 0 -0.1893471 -0.0001380891 -0.0002176314 1  
																								<Children>: 5
																									<Frame>: 48 0 Bip001_R_Finger0
																										<Transform>: -0.05235971 0.0202 0.04804852 303.5299 32.26448 333.5894 0.9999999 0.9999999 0.9999999 0.4983646 -0.1345043 0.06536008 -0.8539728  
																										<TransformMatrix>: 0.9552732 -0.2456958 -0.1645798 0 -0.02243292 0.4947216 -0.868762 0 0.2948723 0.8335971 0.4670826 0 -0.05235971 0.0202 0.04804852 1  
																										<Children>: 1
																											<Frame>: 49 0 Bip001_R_Finger01
																												<Transform>: -0.02955223 5.587897E-09 -2.747406E-08 17.30978 353.5124 345.9663 0.9999999 0.9999999 0.9999999 -0.1559499 0.03716809 0.1121256 -0.9806763  
																												<TransformMatrix>: 0.9720927 -0.2315106 0.03792777 0 0.2083251 0.9262149 0.3142077 0 -0.1078717 -0.2975377 0.9485962 0 -0.02955223 5.587897E-09 -2.747406E-08 1  
																												<Children>: 1
																													<Frame>: 50 0 Bip001_R_Finger02
																														<Transform>: -0.02955223 5.587888E-09 -3.911563E-08 18.3256 357.8175 322.9327 1 1 1 -0.1569305 -0.0327806 0.3108732 -0.9368331  
																														<TransformMatrix>: 0.8045667 -0.5721841 -0.1589909 0 0.5927612 0.7574615 0.2736542 0 -0.03615107 -0.3144166 0.9485966 0 -0.02955223 5.587888E-09 -3.911563E-08 1  
																														<Children>: 1
																															<Frame>: 51 0 Bip001_R_Finger0Nub
																																<Transform>: -0.02955223 -1.907349E-08 0 -4.268868E-07 5.227856E-23 180 -1 -1 -1 2.281083E-25 3.72529E-09 1 6.123234E-17  
																																<TransformMatrix>: 1 -1.224647E-16 0 0 1.224647E-16 1 -7.450581E-09 0 -9.12433E-25 -7.450581E-09 -1 0 -0.02955223 -1.907349E-08 0 1  
																																<Children>: 0
																															</Frame>
																													</Frame>
																											</Frame>
																									</Frame>
																									<Frame>: 52 0 Bip001_R_Finger1
																										<Transform>: -0.1279593 0.0003866245 0.008810871 7.836237 358.6926 310.6555 0.9999998 0.9999998 0.9999998 -0.06684017 -0.01817794 0.415716 -0.906853  
																										<TransformMatrix>: 0.6536995 -0.7515563 -0.08854248 0 0.7564163 0.6454251 0.1061147 0 -0.0226036 -0.1363421 0.9904037 0 -0.1279593 0.0003866245 0.008810871 1  
																										<Children>: 1
																											<Frame>: 53 0 Bip001_R_Finger11
																												<Transform>: -0.03546263 5.029143E-08 -2.328308E-09 3.722488 356.4941 355.1315 1 1 1 -0.03373317 0.02916716 0.04143798 -0.9981455  
																												<TransformMatrix>: 0.9948645 -0.08469007 0.05543047 0 0.08075446 0.9942899 0.06975849 0 -0.06102181 -0.06492398 0.9960228 0 -0.03546263 5.029143E-08 -2.328308E-09 1  
																												<Children>: 1
																													<Frame>: 54 0 Bip001_R_Finger12
																														<Transform>: -0.02174095 2.607705E-08 1.396984E-08 4.727737 358.0537 342.3032 1 1 1 -0.043359 0.01042347 0.1529752 -0.9872234  
																														<TransformMatrix>: 0.95298 -0.3029454 0.007314887 0 0.3011376 0.9494373 0.08879911 0 -0.0338463 -0.08242098 0.9960228 0 -0.02174095 2.607705E-08 1.396984E-08 1  
																														<Children>: 1
																															<Frame>: 55 0 Bip001_R_Finger1Nub
																																<Transform>: -0.01817345 -1.907349E-08 0 -8.537735E-07 8.537737E-07 180 -1 -1 -1 7.450581E-09 7.45058E-09 1 -1.490116E-08  
																																<TransformMatrix>: 1 2.980232E-08 -1.490116E-08 0 -2.980232E-08 1 -1.490116E-08 0 -1.490116E-08 -1.490116E-08 -1 0 -0.01817345 -1.907349E-08 0 1  
																																<Children>: 0
																															</Frame>
																													</Frame>
																											</Frame>
																									</Frame>
																									<Frame>: 56 0 Bip001_R_Finger2
																										<Transform>: -0.1228227 0.0004173134 -0.01583025 8.667954 344.8318 308.6807 0.9999999 0.9999999 1 -0.1245093 0.08618781 0.419019 -0.895261  
																										<TransformMatrix>: 0.6339895 -0.7717249 0.04997767 0 0.7288002 0.6178411 0.2951652 0 -0.2586647 -0.1507079 0.9541382 0 -0.1228227 0.0004173134 -0.01583025 1  
																										<Children>: 1
																											<Frame>: 57 0 Bip001_R_Finger21
																												<Transform>: -0.04137309 -4.097815E-08 2.281743E-08 5.084678 356.7994 339.0331 1 1 1 -0.04867651 0.01936595 0.1804831 -0.982182  
																												<TransformMatrix>: 0.9341016 -0.3564198 0.0204712 0 0.3526492 0.930113 0.1026089 0 -0.05561235 -0.08862793 0.9945111 0 -0.04137309 -4.097815E-08 2.281743E-08 1  
																												<Children>: 1
																													<Frame>: 58 0 Bip001_R_Finger22
																														<Transform>: -0.02576262 6.28643E-08 -4.190958E-09 5.980863 0.5486842 336.1261 1 1 1 -0.05005147 -0.01546852 0.2067954 -0.9769807  
																														<TransformMatrix>: 0.9139928 -0.4025218 -0.05092573 0 0.4056187 0.909461 0.09140099 0 0.009524073 -0.1041963 0.9945111 0 -0.02576262 6.28643E-08 -4.190958E-09 1  
																														<Children>: 1
																															<Frame>: 59 0 Bip001_R_Finger2Nub
																																<Transform>: -0.02401173 -3.814697E-08 -9.536743E-09 4.268868E-07 1.814269E-06 180 -1 -1 -1 1.583248E-08 -3.72529E-09 1 -7.450581E-09  
																																<TransformMatrix>: 1 1.490116E-08 -3.166497E-08 0 -1.490116E-08 1 7.450581E-09 0 -3.166497E-08 7.45058E-09 -1 0 -0.02401173 -3.814697E-08 -9.536743E-09 1  
																																<Children>: 0
																															</Frame>
																													</Frame>
																											</Frame>
																									</Frame>
																									<Frame>: 60 0 Bip001_R_Finger3
																										<Transform>: -0.1175614 0.01772396 -0.04078391 14.96536 323.6972 306.1893 0.9999997 0.9999998 0.9999999 -0.250123 0.2194448 0.3901591 -0.858521  
																										<TransformMatrix>: 0.5992395 -0.7796957 0.1816203 0 0.5601431 0.5704285 0.6007084 0 -0.5719714 -0.2582349 0.7785649 0 -0.1175614 0.01772396 -0.04078391 1  
																										<Children>: 1
																											<Frame>: 61 0 Bip001_R_Finger31
																												<Transform>: -0.02679531 -9.313197E-09 2.537861E-08 9.253178 350.7745 331.6005 1 1 1 -0.09760684 0.05798704 0.237423 -0.9647491  
																												<TransformMatrix>: 0.8805357 -0.4694271 0.06553766 0 0.4467874 0.8682064 0.2158671 0 -0.1582341 -0.1607973 0.9742208 0 -0.02679531 -9.313197E-09 2.537861E-08 1  
																												<Children>: 1
																													<Frame>: 62 0 Bip001_R_Finger32
																														<Transform>: -0.02400647 -1.257283E-08 1.373705E-08 12.9485 1.537717 355.1867 1 0.9999999 0.9999999 -0.1120872 -0.01805576 0.04323156 -0.9925934  
																														<TransformMatrix>: 0.9956102 -0.08177509 -0.04553547 0 0.08987036 0.9711349 0.220953 0 0.02615263 -0.2240753 0.9742208 0 -0.02400647 -1.257283E-08 1.373705E-08 1  
																														<Children>: 1
																															<Frame>: 63 0 Bip001_R_Finger3Nub
																																<Transform>: -0.01825523 0 0 8.537737E-07 4.268868E-07 180 -1 -1 -1 3.72529E-09 -7.450581E-09 1 8.898792E-17  
																																<TransformMatrix>: 1 -1.224647E-16 -7.450581E-09 0 2.33487E-16 1 1.490116E-08 0 -7.450581E-09 1.490116E-08 -1 0 -0.01825523 0 0 1  
																																<Children>: 0
																															</Frame>
																													</Frame>
																											</Frame>
																									</Frame>
																									<Frame>: 64 0 Bip001_R_Finger4
																										<Transform>: -0.1040889 0.02009123 -0.05749917 13.84979 322.116 290.8829 0.9999998 0.9999999 0.9999999 -0.2767082 0.2006935 0.5003846 -0.7954684  
																										<TransformMatrix>: 0.4186746 -0.9071472 0.04236972 0 0.6850132 0.3460956 0.641073 0 -0.5962117 -0.2393773 0.7663093 0 -0.1040889 0.02009123 -0.05749917 1  
																										<Children>: 1
																											<Frame>: 65 0 Bip001_R_Finger41
																												<Transform>: -0.02741422 -7.450563E-09 -3.492467E-09 8.568196 355.5723 350.2526 1 0.9999999 1 -0.07764906 0.03203992 0.08178412 -0.993104  
																												<TransformMatrix>: 0.9845697 -0.167416 0.05093703 0 0.1574645 0.9745639 0.1594679 0 -0.07633886 -0.1489865 0.9858881 0 -0.02741422 -7.450563E-09 -3.492467E-09 1  
																												<Children>: 1
																													<Frame>: 66 0 Bip001_R_Finger42
																														<Transform>: -0.0179079 8.032643E-09 -1.484298E-08 9.450462 1.895508 355.7411 1 1 1 -0.08169672 -0.0195336 0.03838782 -0.9957261  
																														<TransformMatrix>: 0.9962897 -0.07325584 -0.04517254 0 0.07963917 0.983704 0.1611954 0 0.03262791 -0.1641948 0.9858882 0 -0.0179079 8.032643E-09 -1.484298E-08 1  
																														<Children>: 1
																															<Frame>: 67 0 Bip001_R_Finger4Nub
																																<Transform>: -0.01431076 3.814697E-08 0 7.841784E-23 6.403303E-07 180 -1 -1 -1 5.587935E-09 -3.421624E-25 1 6.123234E-17  
																																<TransformMatrix>: 1 -1.224647E-16 -1.117587E-08 0 1.224647E-16 1 -4.930381E-32 0 -1.117587E-08 1.368649E-24 -1 0 -0.01431076 3.814697E-08 0 1  
																																<Children>: 0
																															</Frame>
																													</Frame>
																											</Frame>
																									</Frame>
																							</Frame>
																					</Frame>
																			</Frame>
																	</Frame>
															</Frame>
													</Frame>
											</Frame>
									</Frame>
							</Frame>
					</Frame>
			</Frame>
			<Frame>: 68 0 Boss_low
				<Transform>: 0 0 0 270 0 0 1 1 1 -0.7071068 0 0 0.7071068  
				<TransformMatrix>: 1 0 0 0 0 -1.192093E-07 -1 0 0 1 -1.192093E-07 0 0 0 0 1  
				<SkinningInfo>: Boss_low
					<BonesPerVertex>: 4
					<Bounds>: -0.006344378 -0.02920674 0.1342441 0.2978827 0.430076 0.7903194
					<BoneNames>: 55 Bip001_Head Bip001_L_Clavicle Bip001_R_Clavicle Bip001_Spine3 Bip001_Neck Bip001_R_UpperArm Bip001_Spine1 Bip001_Spine2 Bip001_Spine Bip001_L_UpperArm Bip001_R_Thigh Bip001_L_Thigh Bip001_L_Forearm Bip001_Pelvis Bip001_L_Calf Bip001_L_Hand Bip001_L_Finger0 Bip001_R_Calf Bip001_R_Foot Bip001_L_Foot Bip001 Bip001_R_Forearm Bip001_R_Hand Bip001_R_Finger0 Bip001_L_Toe0 Bip001_R_Toe0 Bip001_R_Toe0Nub Bip001_R_Finger2 Bip001_R_Finger3 Bip001_R_Finger1 Bip001_R_Finger4 Bip001_R_Finger01 Bip001_R_Finger11 Bip001_R_Finger21 Bip001_R_Finger02 Bip001_R_Finger41 Bip001_R_Finger12 Bip001_R_Finger22 Bip001_R_Finger31 Bip001_R_Finger32 Bip001_R_Finger42 Bip001_L_Finger2 Bip001_L_Finger3 Bip001_L_Finger1 Bip001_L_Finger4 Bip001_L_Finger01 Bip001_L_Finger11 Bip001_L_Finger21 Bip001_L_Finger02 Bip001_L_Finger41 Bip001_L_Finger12 Bip001_L_Finger22 Bip001_L_Finger31 Bip001_L_Finger32 Bip001_L_Finger42  
					<BoneOffsets>: 55 3.119516E-07 1.438657E-06 -1 0 0.2275486 -0.9737669 -1.329932E-06 0 -0.9737667 -0.2275485 -6.311324E-07 0 1.174576 0.3016792 7.453331E-07 1 1 1.37079E-06 -4.376943E-08 0 -1.370972E-06 1 1.164153E-08 0 4.439471E-08 -1.164153E-08 1 0 0.0895677 -0.04229037 -1.094421 1 -1 1.370972E-06 -4.556568E-08 0 1.370609E-06 0.9999999 0 0 4.336016E-08 -1.164153E-08 -0.9999999 0 0.08956757 -0.04229037 1.09442 1 1.091779E-09 1.402694E-06 -1 0 0.0007963157 -0.9999997 -1.402692E-06 0 -0.9999996 -0.0007963041 -2.208433E-09 0 1.014165 0.04317788 6.178186E-08 1 5.964504E-07 1.539245E-06 -1 0 0.4350775 -0.900393 -1.126423E-06 0 -0.9003929 -0.4350775 -1.206731E-06 0 1.056139 0.5358633 1.428294E-06 1 -0.733647 0.01475257 -0.6793706 0 -0.04872363 0.9960487 0.07424553 0 0.6777816 0.08757135 -0.7300296 0 -0.613819 -0.1404946 0.9124039 1 1.091757E-09 1.402694E-06 -1 0 0.0007962924 -0.9999997 -1.402692E-06 0 -0.9999996 -0.0007963041 -2.208445E-09 0 0.8135279 0.04301809 6.13386E-08 1 1.091781E-09 1.402693E-06 -1 0 0.0007963041 -0.9999997 -1.402692E-06 0 -0.9999996 -0.0007963041 -2.208411E-09 0 0.9138464 0.04309799 6.156029E-08 1 1.091745E-09 1.402694E-06 -1 0 0.0007963157 -0.9999998 -1.402692E-06 0 -0.9999997 -0.0007963157 -2.208578E-09 0 0.7132096 0.04293824 6.111713E-08 1 0.7336467 -0.01474984 -0.6793708 0 -0.04872563 0.9960489 -0.07424363 0 0.6777815 0.08757143 0.7300295 0 -0.6138189 -0.1404946 -0.912404 1 -0.1031691 0.007121748 0.9946383 0 -0.08633749 -0.9962642 -0.00182199 0 0.9909095 -0.08606259 0.1033986 0 -0.6209432 0.09656233 -0.1650091 1 0.1031687 -0.007124498 0.9946384 0 -0.0863378 -0.9962642 0.001819228 0 0.9909096 -0.08606256 -0.1033984 0 -0.6209432 0.09656231 0.1650092 1 0.722254 -0.1296335 -0.6793708 0 0.108099 0.9913637 -0.07424365 0 0.6831281 -0.01981657 0.7300297 0 -0.3979602 -0.07905638 -0.9124041 1 1.3868E-06 -2.757707E-06 -1 0 1.164153E-08 -1 2.757707E-06 0 -1 0 -1.3868E-06 0 0.6406708 0.04229045 7.718576E-07 1 0.1029712 -0.009564072 0.9946384 0 -0.1098913 -0.993942 0.001819263 0 0.9885953 -0.1094894 -0.1033984 0 -0.3697552 0.1053425 0.1650091 1 0.8292528 0.5435281 -0.1300663 0 0.1193492 0.05513385 0.9913203 0 0.5459815 -0.8375784 -0.01914966 0 -0.04703295 0.9347091 -0.07980064 1 0.6397259 0.2146628 -0.7380182 0 0.273228 0.8339731 0.4794112 0 0.7183992 -0.5083391 0.4748623 0 -0.2189478 0.5124509 -0.7258236 1 -0.1029717 0.009561342 0.9946383 0 -0.109891 -0.9939421 -0.001822016 0 0.9885953 -0.1094894 0.1033986 0 -0.3697552 0.1053426 -0.1650091 1 4.371135E-08 -1.370907E-06 1 0 -2.328306E-08 -1 -1.370907E-06 0 1 0 -4.371126E-08 0 -0.1533415 0.09053725 -0.1501236 1 4.371136E-08 -1.370907E-06 1 0 0 -1 -1.370907E-06 0 1 8.881784E-14 -4.37114E-08 0 -0.1533415 0.09053729 0.1501236 1 1.370907E-06 -1 1.457168E-14 0 1 1.370907E-06 0 0 -2.328306E-08 2.220446E-14 0.9999999 0 -0.04229043 -5.797627E-08 -0.6406707 1 -0.7222536 0.1296362 -0.6793705 0 0.1081011 0.9913635 0.07424549 0 0.6831281 -0.01981664 -0.7300298 0 -0.3979605 -0.07905631 0.912404 1 -0.8292525 -0.5435279 -0.130069 0 0.1193514 0.05513535 -0.9913201 0 0.5459815 -0.8375784 0.01914969 0 -0.04703295 0.9347092 0.0798007 1 -0.639725 -0.2146605 -0.7380195 0 0.27323 0.8339738 -0.4794092 0 0.7183991 -0.508339 -0.4748623 0 -0.2189479 0.5124508 0.7258235 1 1.371604E-06 4.371149E-08 1 0 1 0 -1.371604E-06 0 0 1 -4.371145E-08 0 0.1525246 -0.007547143 0.1501236 1 1.371604E-06 -4.371135E-08 1 0 1 -4.656613E-08 -1.371604E-06 0 0 1 4.371143E-08 0 0.1525245 -0.007547155 -0.1501236 1 1.371604E-06 -4.371117E-08 1 0 1 4.656613E-08 -1.371604E-06 0 4.656613E-08 1 4.371143E-08 0 0.1619906 -0.007547125 -0.1501236 1 0.163551 -0.9561563 0.2429329 0 0.05268378 -0.2374322 -0.9699743 0 0.9851272 0.1714389 0.01154169 0 -0.8255067 0.4389155 -0.1169729 1 0.339054 -0.8214242 0.4585901 0 0.07934715 -0.4607581 -0.8839717 0 0.9374148 0.3361019 -0.09104415 0 -0.8806569 0.2538092 -0.1428329 1 0.162517 -0.9855747 0.04723122 0 0.1369334 -0.02487646 -0.9902679 0 0.977158 0.1674031 0.1309152 0 -0.8163877 0.4525936 -0.1149677 1 0.5675969 -0.7451272 0.3501704 0 0.1353656 -0.3350729 -0.9324175 0 0.8121022 0.5766382 -0.08932176 0 -0.9245211 0.02314377 -0.05794886 1 -0.572755 -0.3567619 -0.7380195 0 0.07299272 0.8745506 -0.4794093 0 0.8164703 -0.3284541 -0.4748623 0 -0.3027531 0.4547716 0.7258235 1 0.5034123 -0.8627546 0.04723125 0 0.1367982 0.02560906 -0.9902678 0 0.8531485 0.5049742 0.1309152 0 -0.8910005 0.1442335 -0.1149677 1 0.7098655 -0.6611164 0.2429327 0 0.1858715 -0.156848 -0.9699744 0 0.6793695 0.7337056 0.01154168 0 -0.8896694 -0.1264948 -0.1169728 1 -0.2422887 -0.6297806 -0.7380194 0 -0.468529 0.7420561 -0.4794092 0 0.8495744 0.2296281 -0.4748623 0 -0.4920117 0.1984449 0.7258235 1 0.9075308 -0.2318805 0.3501703 0 0.3141182 -0.1786823 -0.9324175 0 0.2787786 0.9561927 -0.08932178 0 -0.7177238 -0.5387104 -0.05794881 1 0.8979817 -0.4374907 0.04723116 0 0.09949605 0.09731442 -0.9902679 0 0.4286368 0.8939417 0.1309152 0 -0.8028208 -0.3631721 -0.1149677 1 0.9690783 -0.04325671 0.2429327 0 0.2432044 0.001054071 -0.9699744 0 0.04170186 0.9990634 0.0115417 0 -0.5758257 -0.6563234 -0.1169728 1 0.8526058 -0.2505166 0.4585902 0 0.4087932 -0.2268969 -0.8839715 0 0.3255022 0.941148 -0.09104415 0 -0.7328637 -0.5063689 -0.142833 1 0.8687119 0.1871764 0.4585902 0 0.4675227 -0.004069251 -0.8839716 0 -0.1635925 0.982318 -0.09104411 0 -0.3808812 -0.7834653 -0.142833 1 0.8854614 0.3055145 0.3501703 0 0.3606148 0.02354851 -0.9324175 0 -0.2931132 0.9518963 -0.0893218 0 -0.2881418 -0.8348207 -0.05794877 1 -0.1635508 0.9561555 0.2429355 0 0.05268425 -0.2374347 0.9699736 0 0.9851272 0.1714389 -0.01154169 0 -0.8255067 0.4389157 0.1169729 1 -0.3390538 0.8214229 0.4585925 0 0.07934812 -0.4607604 0.8839704 0 0.9374149 0.336102 0.09104419 0 -0.8806572 0.2538092 0.142833 1 -0.1625167 0.9855746 0.04723381 0 0.1369338 -0.02487903 0.9902678 0 0.9771578 0.167403 -0.1309152 0 -0.8163876 0.4525937 0.1149676 1 -0.5675965 0.7451263 0.3501729 0 0.1353671 -0.3350749 0.9324167 0 0.8121023 0.5766383 0.08932178 0 -0.9245211 0.02314398 0.05794889 1 0.5727552 0.3567643 -0.7380182 0 0.07299113 0.8745496 0.4794112 0 0.8164704 -0.3284541 0.4748624 0 -0.3027531 0.4547717 -0.7258236 1 -0.5034119 0.8627546 0.04723388 0 0.1367996 0.02560677 0.9902676 0 0.8531485 0.5049742 -0.1309152 0 -0.8910004 0.1442335 0.1149677 1 -0.709865 0.6611159 0.2429353 0 0.1858734 -0.1568498 0.9699737 0 0.6793695 0.7337057 -0.01154172 0 -0.8896694 -0.1264948 0.1169728 1 0.2422874 0.6297825 -0.7380182 0 -0.4685297 0.7420545 0.4794112 0 0.8495744 0.2296281 0.4748622 0 -0.4920117 0.1984451 -0.7258235 1 -0.9075301 0.23188 0.3501729 0 0.3141208 -0.1786829 0.9324166 0 0.2787786 0.9561926 0.08932176 0 -0.717724 -0.5387102 0.05794889 1 -0.8979815 0.437491 0.04723392 0 0.09949855 0.09731326 0.9902678 0 0.4286368 0.8939416 -0.1309152 0 -0.8028209 -0.3631721 0.1149677 1 -0.9690776 0.04325671 0.2429353 0 0.2432071 0.001053954 0.9699737 0 0.04170182 0.9990634 -0.01154169 0 -0.5758258 -0.6563233 0.1169728 1 -0.8526046 0.250516 0.4585926 0 0.4087955 -0.2268976 0.8839704 0 0.3255022 0.9411481 0.09104417 0 -0.7328639 -0.5063689 0.1428331 1 -0.8687106 -0.1871763 0.4585926 0 0.4675251 -0.004068762 0.8839704 0 -0.1635925 0.982318 0.09104415 0 -0.3808813 -0.7834652 0.142833 1 -0.8854604 -0.3055145 0.3501728 0 0.3606173 0.02354936 0.9324166 0 -0.2931131 0.9518963 0.08932178 0 -0.2881419 -0.8348209 0.05794886 1  
