<Hierarchy>:
	<Frame>: 0 0 Boss_Idle
		<Transform>: 0 0 0 0 0 0 1 1 1 0 0 0 1  
		<TransformMatrix>: 1 0 0 0 0 1 0 0 0 0 1 0 0 0 0 1  
		<Children>: 2
			<Frame>: 1 0 Bip001
				<Transform>: 0 0.6323857 -0.005118704 270 89.99989 0 0.9999999 0.9999999 1 -0.5000005 0.4999995 0.4999996 0.5000005  
				<TransformMatrix>: 1.966953E-06 0 -0.9999999 0 -0.9999999 -2.384186E-07 -1.996755E-06 0 -1.192093E-07 1 0 0 0 0.6323857 -0.005118704 1  
				<Children>: 1
					<Frame>: 2 0 Bip001_Pelvis
						<Transform>: 0 0 0 270 89.99993 0 1 0.9999999 0.9999999 -0.5 0.5 0.4999993 0.5000007  
						<TransformMatrix>: 1.311302E-06 0 -1 0 -0.9999999 1.311302E-06 -1.311302E-06 0 1.311302E-06 0.9999999 0 0 0 0 0 1  
						<Children>: 3
							<Frame>: 3 0 Bip001_L_Thigh
								<Transform>: 1.525879E-07 1.651049E-07 0.09937455 0.9822823 178.9335 348.4467 0.9999999 1 0.9999999 -0.1005639 0.9948502 -0.009464737 0.008396504  
								<TransformMatrix>: -0.9796328 -0.2002509 -0.01480291 0 -0.1999331 0.9795946 -0.02052076 0 0.01861015 -0.01714322 -0.9996799 0 1.525879E-07 1.651049E-07 0.09937455 1  
								<Children>: 1
									<Frame>: 4 0 Bip001_L_Calf
										<Transform>: -0.2487985 -9.536743E-09 0 6.128872E-08 2.631969E-08 23.24051 1 0.9999999 1 5.701465E-10 1.172443E-10 0.2014242 0.9795041  
										<TransformMatrix>: 0.9188566 0.3945917 0 0 -0.3945916 0.9188565 1.164153E-09 0 4.593652E-10 -1.06969E-09 1 0 -0.2487985 -9.536743E-09 0 1  
										<Children>: 1
											<Frame>: 5 0 Bip001_L_Foot
												<Transform>: -0.2435701 0 -9.536743E-09 359.2544 1.243527 349.2956 0.9999999 1 0.9999999 -0.007489962 0.01019719 -0.09319986 0.995567  
												<TransformMatrix>: 0.9824196 -0.1857262 -0.01890784 0 0.1854207 0.9825155 -0.01681427 0 0.02170009 0.01301276 0.9996797 0 -0.2435701 0 -9.536743E-09 1  
												<Children>: 1
													<Frame>: 6 0 Bip001_L_Toe0
														<Transform>: -0.1457944 0.2430619 0 -3.783992E-05 -3.356049E-05 270 1 1 0.9999999 -2.640692E-08 -4.405885E-07 -0.7071068 0.7071068  
														<TransformMatrix>: -1.192093E-07 -1 6.604312E-07 0 1 -1.192093E-07 5.857411E-07 0 -5.857411E-07 6.604312E-07 0.9999999 0 -0.1457944 0.2430619 0 1  
														<Children>: 1
															<Frame>: 7 0 Bip001_L_Toe0Nub
																<Transform>: -0.009466019 2.980232E-10 0 -1.628444E-12 1.139911E-11 180 -1 -1 -0.9999999 9.947598E-14 1.421085E-14 1 6.123234E-17  
																<TransformMatrix>: 1 -1.224647E-16 -1.98952E-13 0 1.224647E-16 1 -2.842171E-14 0 -1.98952E-13 -2.842171E-14 -0.9999999 0 -0.009466019 2.980232E-10 0 1  
																<Children>: 0
															</Frame>
													</Frame>
											</Frame>
									</Frame>
							</Frame>
							<Frame>: 8 0 Bip001_R_Thigh
								<Transform>: -1.525879E-07 -1.102686E-07 -0.09937455 359.0167 181.0677 348.4875 1 0.9999999 0.9999999 -0.1002088 0.9948858 0.009471797 -0.008409863  
								<TransformMatrix>: -0.979775 -0.1995519 0.01483539 0 -0.1992332 0.9797369 0.02053219 0 -0.01863202 0.01716123 -0.999679 0 -1.525879E-07 -1.102686E-07 -0.09937455 1  
								<Children>: 1
									<Frame>: 9 0 Bip001_R_Calf
										<Transform>: -0.2487985 -9.536743E-09 -9.536743E-09 -7.354402E-08 -3.158928E-08 23.24492 1 1 1 -6.841703E-10 -1.407195E-10 0.2014619 0.9794964  
										<TransformMatrix>: 0.9188263 0.3946624 2.775558E-17 0 -0.3946624 0.9188263 -1.396984E-09 0 -5.513369E-10 1.283585E-09 1 0 -0.2487985 -9.536743E-09 -9.536743E-09 1  
										<Children>: 1
											<Frame>: 10 0 Bip001_R_Foot
												<Transform>: -0.2435702 0 0 0.7455118 358.7545 349.2503 1 1 1 0.007494811 -0.01021092 -0.09359337 0.9955299  
												<TransformMatrix>: 0.9822721 -0.1865031 0.01892762 0 0.186197 0.9823684 0.01683397 0 -0.02173348 -0.01301127 0.9996791 0 -0.2435702 0 0 1  
												<Children>: 1
													<Frame>: 11 0 Bip001_R_Toe0
														<Transform>: -0.1457944 0.2430618 0 1.383172E-05 2.203455E-05 270 1 1 0.9999999 -5.061697E-08 2.21319E-07 -0.7071066 0.7071069  
														<TransformMatrix>: 3.576279E-07 -1 -2.414092E-07 0 1 3.576279E-07 -3.845754E-07 0 3.845755E-07 -2.414089E-07 0.9999999 0 -0.1457944 0.2430618 0 1  
														<Children>: 1
															<Frame>: 12 0 Bip001_R_Toe0Nub
																<Transform>: -0.009466037 0 9.536743E-09 1.628444E-12 2.69711E-12 1.067217E-07 1 1 0.9999999 1.421085E-14 2.353673E-14 9.313226E-10 1  
																<TransformMatrix>: 1 1.862645E-09 -4.707346E-14 0 -1.862645E-09 1 2.842171E-14 0 4.707345E-14 -2.842171E-14 0.9999999 0 -0.009466037 0 9.536743E-09 1  
																<Children>: 0
															</Frame>
													</Frame>
											</Frame>
									</Frame>
							</Frame>
							<Frame>: 13 0 Bip001_Spine
								<Transform>: -0.07256996 -7.335126E-05 1.007417E-07 -0.0002382597 7.344671E-05 2.167757 1 0.9999999 0.9999999 -2.066712E-06 6.801594E-07 0.01891612 0.9998211  
								<TransformMatrix>: 0.9992844 0.03782548 -1.438264E-06 0 -0.03782547 0.9992843 -4.106952E-06 0 1.281887E-06 4.158415E-06 0.9999999 0 -0.07256996 -7.335126E-05 1.007417E-07 1  
								<Children>: 1
									<Frame>: 14 0 Bip001_Spine1
										<Transform>: -0.0922242 -7.98583E-05 -2.214983E-10 3.307776E-13 0 0 1 1 1 2.886579E-15 0 0 1  
										<TransformMatrix>: 1 0 0 0 0 1 5.77316E-15 0 0 -5.773159E-15 1 0 -0.0922242 -7.98583E-05 -2.214983E-10 1  
										<Children>: 1
											<Frame>: 15 0 Bip001_Spine2
												<Transform>: -0.1002887 -0.0001552153 -4.305184E-10 3.307776E-13 0 0 1 1 1 2.886579E-15 0 0 1  
												<TransformMatrix>: 1 0 0 0 0 1 5.77316E-15 0 0 -5.773159E-15 1 0 -0.1002887 -0.0001552153 -4.305184E-10 1  
												<Children>: 3
													<Frame>: 16 0 Bip001_L_Clavicle
														<Transform>: -0.1779424 1.311302E-05 0.09009562 0.04563067 270.3311 180.0001 1 1 1 -0.7050608 -0.0002817397 0.7091468 -0.0002814054  
														<TransformMatrix>: -0.005778432 -1.828216E-06 -0.9999835 0 0.0007964027 -0.9999998 -2.773799E-06 0 -0.999983 -0.0007964054 0.005778432 0 -0.1779424 1.311302E-05 0.09009562 1  
														<Children>: 1
															<Frame>: 17 0 Bip001_L_UpperArm
																<Transform>: -0.08203878 -2.384186E-09 0 354.5674 291.8126 353.7724 1 1 1 -0.008772783 -0.561223 -0.07145834 0.8245274  
																<TransformMatrix>: 0.3598448 -0.1079917 0.9267414 0 0.1276857 0.9896336 0.06574134 0 -0.9242339 0.09467494 0.3699035 0 -0.08203878 -2.384186E-09 0 1  
																<Children>: 1
																	<Frame>: 18 0 Bip001_L_Forearm
																		<Transform>: -0.2331831 -2.384186E-09 -7.629394E-08 -1.908234E-06 2.958116E-06 18.78918 0.9999998 0.9999998 0.9999999 -1.221537E-08 2.818643E-08 0.1632328 0.9865876  
																		<TransformMatrix>: 0.9467099 0.3220868 -5.960464E-08 0 -0.3220868 0.9467099 -1.490116E-08 0 5.162886E-08 3.330495E-08 0.9999999 0 -0.2331831 -2.384186E-09 -7.629394E-08 1  
																		<Children>: 1
																			<Frame>: 19 0 Bip001_L_Hand
																				<Transform>: -0.1893204 0 3.814697E-08 270.0343 353.7681 0 1 1 1 -0.7057803 -0.03845153 -0.0384209 0.7063425  
																				<TransformMatrix>: 0.9940906 3.352761E-08 0.1085533 0 0.1085533 0.0007960798 -0.9940906 0 -8.647144E-05 0.9999998 0.0007913709 0 -0.1893204 0 3.814697E-08 1  
																				<Children>: 5
																					<Frame>: 20 0 Bip001_L_Finger0
																						<Transform>: -0.05235954 0.02019997 -0.04804855 50.57315 332.2692 321.6676 1 0.9999999 1 0.462851 -0.06851967 -0.1915139 0.8627841  
																						<TransformMatrix>: 0.917255 -0.3938992 -0.05904947 0 0.2670415 0.4981826 0.8249259 0 -0.2955202 -0.7724361 0.562148 0 -0.05235954 0.02019997 -0.04804855 1  
																						<Children>: 1
																							<Frame>: 21 0 Bip001_L_Finger01
																								<Transform>: -0.02955219 0 -9.536743E-09 -3.11489E-06 7.402918E-07 346.631 0.9999999 1 0.9999999 -2.774975E-08 3.252241E-09 -0.1164022 0.9932022  
																								<TransformMatrix>: 0.972901 -0.2312219 0 0 0.2312219 0.972901 -5.587936E-08 0 1.292053E-08 5.436508E-08 0.9999999 0 -0.02955219 0 -9.536743E-09 1  
																								<Children>: 1
																									<Frame>: 22 0 Bip001_L_Finger02
																										<Transform>: -0.02955215 0 -1.907349E-08 4.112195E-06 2.532905E-06 346.631 1 0.9999999 0.9999999 3.306879E-08 2.613068E-08 -0.1164022 0.9932022  
																										<TransformMatrix>: 0.972901 -0.2312219 -5.960465E-08 0 0.2312219 0.972901 5.960465E-08 0 4.420752E-08 -7.177133E-08 0.9999999 0 -0.02955215 0 -1.907349E-08 1  
																										<Children>: 1
																											<Frame>: 23 0 Bip001_L_Finger0Nub
																												<Transform>: -0.02955215 -1.907349E-08 9.536743E-09 -5.088886E-14 8.537735E-07 3.415094E-06 1 1 0.9999999 -2.220446E-16 7.45058E-09 2.980232E-08 1  
																												<TransformMatrix>: 1 5.960464E-08 -1.490116E-08 0 -5.960464E-08 1 0 0 1.490116E-08 8.881782E-16 0.9999999 0 -0.02955215 -1.907349E-08 9.536743E-09 1  
																												<Children>: 0
																											</Frame>
																									</Frame>
																							</Frame>
																					</Frame>
																					<Frame>: 24 0 Bip001_L_Finger1
																						<Transform>: -0.1279588 0.0003866577 -0.008810921 349.0518 5.018144 277.4343 0.9999999 1 1 -0.1003695 -0.03013259 -0.6529997 0.750073  
																						<TransformMatrix>: 0.1453668 -0.973546 0.1762857 0 0.9856437 0.1270347 -0.1112157 0 0.08587916 0.189922 0.978036 0 -0.1279588 0.0003866577 -0.008810921 1  
																						<Children>: 1
																							<Frame>: 25 0 Bip001_L_Finger11
																								<Transform>: -0.03546257 -3.814697E-08 0 2.630803E-07 -2.585493E-06 346.631 0.9999999 0.9999999 1 4.906549E-09 -2.214207E-08 -0.1164022 0.9932021  
																								<TransformMatrix>: 0.972901 -0.2312219 4.284084E-08 0 0.2312219 0.972901 1.490116E-08 0 -4.512538E-08 -4.591618E-09 1 0 -0.03546257 -3.814697E-08 0 1  
																								<Children>: 1
																									<Frame>: 26 0 Bip001_L_Finger12
																										<Transform>: -0.02174091 3.814697E-08 0 1.324165E-06 1.879182E-06 346.631 1 0.9999999 1 9.568094E-09 1.763257E-08 -0.1164022 0.9932021  
																										<TransformMatrix>: 0.9729012 -0.2312219 -3.725291E-08 0 0.2312219 0.972901 1.490116E-08 0 3.279791E-08 -2.311104E-08 1 0 -0.02174091 3.814697E-08 0 1  
																										<Children>: 1
																											<Frame>: 27 0 Bip001_L_Finger1Nub
																												<Transform>: -0.01817347 0 -1.907349E-08 7.951385E-16 1.067217E-07 -4.268868E-07 1 1 1 3.469446E-18 9.313225E-10 -3.72529E-09 1  
																												<TransformMatrix>: 1 -7.450581E-09 -1.862645E-09 0 7.450581E-09 1 0 0 1.862645E-09 -1.387779E-17 1 0 -0.01817347 0 -1.907349E-08 1  
																												<Children>: 0
																											</Frame>
																									</Frame>
																							</Frame>
																					</Frame>
																					<Frame>: 28 0 Bip001_L_Finger2
																						<Transform>: -0.1228224 0.0004172897 0.01583023 348.7443 18.48258 275.4919 0.9999999 1 1 -0.1791088 0.05320687 -0.6488361 0.7376319  
																						<TransformMatrix>: 0.1523615 -0.9762639 0.1539304 0 0.9381448 0.09386356 -0.3332779 0 0.3109187 0.1951877 0.9301781 0 -0.1228224 0.0004172897 0.01583023 1  
																						<Children>: 1
																							<Frame>: 29 0 Bip001_L_Finger21
																								<Transform>: -0.04137302 3.814697E-08 0 -9.530752E-07 -2.625542E-06 346.631 1 0.9999999 0.9999999 -5.593583E-09 -2.372456E-08 -0.1164022 0.9932022  
																								<TransformMatrix>: 0.972901 -0.2312219 4.842878E-08 0 0.2312218 0.972901 -5.587936E-09 0 -4.582435E-08 1.66343E-08 0.9999999 0 -0.04137302 3.814697E-08 0 1  
																								<Children>: 1
																									<Frame>: 30 0 Bip001_L_Finger22
																										<Transform>: -0.0257626 0 0 1.464656E-07 -7.6839E-07 346.631 1 1 1 2.049996E-09 -6.511105E-09 -0.1164022 0.9932021  
																										<TransformMatrix>: 0.9729012 -0.2312219 1.245644E-08 0 0.2312219 0.972901 5.587935E-09 0 -1.341094E-08 -2.556307E-09 1 0 -0.0257626 0 0 1  
																										<Children>: 1
																											<Frame>: 31 0 Bip001_L_Finger2Nub
																												<Transform>: -0.02401171 0 0 1.067217E-07 -7.337117E-07 -4.268868E-07 1 1 1 9.313226E-10 -6.402843E-09 -3.72529E-09 1  
																												<TransformMatrix>: 1 -7.450581E-09 1.280569E-08 0 7.450581E-09 1 1.862645E-09 0 -1.280569E-08 -1.862645E-09 1 0 -0.02401171 0 0 1  
																												<Children>: 0
																											</Frame>
																									</Frame>
																							</Frame>
																					</Frame>
																					<Frame>: 32 0 Bip001_L_Finger3
																						<Transform>: -0.117561 0.01772392 0.04078386 347.1889 33.31007 261.9961 0.9999999 0.9999999 1 -0.2850825 0.1061816 -0.6975779 0.6487208  
																						<TransformMatrix>: 0.004221141 -0.9656075 0.25997 0 0.8445256 -0.1357739 -0.5180176 0 0.5354988 0.221738 0.814907 0 -0.117561 0.01772392 0.04078386 1  
																						<Children>: 1
																							<Frame>: 33 0 Bip001_L_Finger31
																								<Transform>: -0.02679527 3.814697E-08 0 -6.169098E-08 -2.595741E-07 346.631 1 1 1 -2.7102E-10 -2.312479E-09 -0.1164022 0.9932021  
																								<TransformMatrix>: 0.972901 -0.2312219 4.656613E-09 0 0.2312219 0.972901 0 0 -4.530424E-09 1.076711E-09 1 0 -0.02679527 3.814697E-08 0 1  
																								<Children>: 1
																									<Frame>: 34 0 Bip001_L_Finger32
																										<Transform>: -0.02400644 0 0 2.551241E-07 4.765916E-06 346.631 1 1 1 -2.629979E-09 4.15669E-08 -0.1164022 0.9932021  
																										<TransformMatrix>: 0.972901 -0.2312219 -8.195639E-08 0 0.2312219 0.9729012 -1.490116E-08 0 8.318093E-08 -4.452756E-09 1 0 -0.02400644 0 0 1  
																										<Children>: 1
																											<Frame>: 35 0 Bip001_L_Finger3Nub
																												<Transform>: -0.01825526 -3.814697E-08 -9.536743E-09 1.590278E-14 -1.067217E-06 8.537738E-07 0.9999999 0.9999999 0.9999999 6.938895E-17 -9.313227E-09 7.450581E-09 1  
																												<TransformMatrix>: 0.9999999 1.490116E-08 1.862645E-08 0 -1.490116E-08 0.9999999 -1.323489E-23 0 -1.862645E-08 -2.775558E-16 0.9999999 0 -0.01825526 -3.814697E-08 -9.536743E-09 1  
																												<Children>: 0
																											</Frame>
																									</Frame>
																							</Frame>
																					</Frame>
																					<Frame>: 36 0 Bip001_L_Finger4
																						<Transform>: -0.1040886 0.02009117 0.05749917 350.3911 27.18354 248.1539 0.9999999 1 0.9999999 -0.2395797 0.06377988 -0.7912323 0.5590037  
																						<TransformMatrix>: -0.260233 -0.9151642 0.3078201 0 0.8540429 -0.3668942 -0.3687813 0 0.4504328 0.1669225 0.8770673 0 -0.1040886 0.02009117 0.05749917 1  
																						<Children>: 1
																							<Frame>: 37 0 Bip001_L_Finger41
																								<Transform>: -0.02741415 0 -4.768371E-09 3.371093E-07 -2.274004E-06 346.631 1 1 1 5.231772E-09 -1.936709E-08 -0.1164022 0.9932021  
																								<TransformMatrix>: 0.972901 -0.2312219 3.72529E-08 0 0.2312219 0.972901 1.490116E-08 0 -3.968886E-08 -5.883668E-09 1 0 -0.02741415 0 -4.768371E-09 1  
																								<Children>: 1
																									<Frame>: 38 0 Bip001_L_Finger42
																										<Transform>: -0.0179079 -7.629394E-08 4.768371E-09 -5.345206E-07 1.443367E-06 346.631 1 1 1 -6.099037E-09 1.196716E-08 -0.1164022 0.9932021  
																										<TransformMatrix>: 0.9729012 -0.2312219 -2.235174E-08 0 0.2312219 0.972901 -1.490116E-08 0 2.519151E-08 9.329145E-09 1 0 -0.0179079 -7.629394E-08 4.768371E-09 1  
																										<Children>: 1
																											<Frame>: 39 0 Bip001_L_Finger4Nub
																												<Transform>: -0.0143108 7.629394E-08 9.536743E-09 -8.537737E-07 -2.561321E-06 -1.516607E-21 1 1 1 -7.450581E-09 -2.235174E-08 -1.665335E-16 1  
																												<TransformMatrix>: 1 -2.646978E-23 4.470348E-08 0 6.661338E-16 1 -1.490116E-08 0 -4.470349E-08 1.490116E-08 1 0 -0.0143108 7.629394E-08 9.536743E-09 1  
																												<Children>: 0
																											</Frame>
																									</Frame>
																							</Frame>
																					</Frame>
																			</Frame>
																	</Frame>
															</Frame>
													</Frame>
													<Frame>: 40 0 Bip001_Neck
														<Transform>: -0.2645098 0.01924991 5.339157E-08 1.577411E-05 6.902665E-05 334.2554 1 1 1 7.038104E-14 6.178996E-07 -0.2227789 0.974869  
														<TransformMatrix>: 0.9007391 -0.4343604 -1.204742E-06 0 0.4343605 0.9007393 -2.753098E-07 0 1.204742E-06 -2.753101E-07 1 0 -0.2645098 0.01924991 5.339157E-08 1  
														<Children>: 1
															<Frame>: 41 0 Bip001_Head
																<Transform>: -0.02587562 -0.008749123 -1.110427E-08 4.389307E-06 -3.709176E-05 13.49772 1 1 1 -3.818367E-13 -3.259451E-07 0.1175177 0.9930708  
																<TransformMatrix>: 0.9723793 0.2334068 6.473732E-07 0 -0.2334067 0.9723792 -7.660938E-08 0 -6.473733E-07 -7.660786E-08 1 0 -0.02587562 -0.008749123 -1.110427E-08 1  
																<Children>: 1
																	<Frame>: 42 0 Bip001_HeadNub
																		<Transform>: -0.3387212 1.907349E-08 7.275957E-14 -2.442666E-12 0 0 1 1 1 -2.131628E-14 0 0 1  
																		<TransformMatrix>: 1 0 0 0 0 1 -4.263256E-14 0 0 4.263256E-14 1 0 -0.3387212 1.907349E-08 7.275957E-14 1  
																		<Children>: 0
																	</Frame>
															</Frame>
													</Frame>
													<Frame>: 43 0 Bip001_R_Clavicle
														<Transform>: -0.1779423 1.361132E-05 -0.09009563 359.9544 89.66891 180.0004 1 1 1 0.7050608 0.0002797209 0.7091468 -0.0002833087  
														<TransformMatrix>: -0.005778432 -7.374388E-06 0.9999835 0 0.0007962554 -0.9999998 -2.773304E-06 0 0.999983 0.000796226 0.005778432 0 -0.1779423 1.361132E-05 -0.09009563 1  
														<Children>: 1
															<Frame>: 44 0 Bip001_R_UpperArm
																<Transform>: -0.08203876 -4.768371E-09 -7.629394E-08 5.432611 68.18737 353.7724 1 1 1 0.00877279 0.561223 -0.07145834 0.8245274  
																<TransformMatrix>: 0.3598448 -0.1079917 -0.9267414 0 0.1276857 0.9896336 -0.06574132 0 0.9242338 -0.09467494 0.3699035 0 -0.08203876 -4.768371E-09 -7.629394E-08 1  
																<Children>: 1
																	<Frame>: 45 0 Bip001_R_Forearm
																		<Transform>: -0.2331831 2.384186E-09 0 -8.082761E-07 -2.749892E-07 18.78918 1 1 1 -7.35065E-09 -1.216179E-09 0.1632328 0.9865876  
																		<TransformMatrix>: 0.9467101 0.3220868 0 0 -0.3220868 0.9467102 -1.490116E-08 0 -4.799467E-09 1.410708E-08 1 0 -0.2331831 2.384186E-09 0 1  
																		<Children>: 1
																			<Frame>: 46 0 Bip001_R_Hand
																				<Transform>: -0.1893204 0 0 89.96574 6.231925 0 1 1 1 0.7057803 0.03845151 -0.03842089 0.7063425  
																				<TransformMatrix>: 0.9940906 3.352761E-08 -0.1085533 0 0.1085533 0.0007960798 0.9940906 0 8.646399E-05 -0.9999998 0.0007913709 0 -0.1893204 0 0 1  
																				<Children>: 5
																					<Frame>: 47 0 Bip001_R_Finger0
																						<Transform>: -0.05235947 0.02019993 0.04804857 309.4268 27.73083 321.6676 1 1 1 -0.462851 0.06851967 -0.1915139 0.8627841  
																						<TransformMatrix>: 0.917255 -0.3938992 0.05904946 0 0.2670415 0.4981827 -0.8249261 0 0.2955202 0.7724361 0.562148 0 -0.05235947 0.02019993 0.04804857 1  
																						<Children>: 1
																							<Frame>: 48 0 Bip001_R_Finger01
																								<Transform>: -0.02955223 0 -9.536743E-09 -3.42638E-06 8.14321E-07 346.631 0.9999999 1 0.9999999 -3.052473E-08 3.577465E-09 -0.1164022 0.9932022  
																								<TransformMatrix>: 0.972901 -0.2312219 8.881784E-16 0 0.2312219 0.972901 -6.14673E-08 0 1.421258E-08 5.98016E-08 0.9999999 0 -0.02955223 0 -9.536743E-09 1  
																								<Children>: 1
																									<Frame>: 49 0 Bip001_R_Finger02
																										<Transform>: -0.02955223 2.861023E-08 9.536743E-09 2.907231E-06 -6.909389E-07 346.631 1 1 1 2.589976E-08 -3.035424E-09 -0.1164022 0.9932022  
																										<TransformMatrix>: 0.9729012 -0.2312219 0 0 0.2312219 0.9729012 5.215407E-08 0 -1.205916E-08 -5.074074E-08 1 0 -0.02955223 2.861023E-08 9.536743E-09 1  
																										<Children>: 1
																											<Frame>: 50 0 Bip001_R_Finger0Nub
																												<Transform>: -0.02955219 0 -1.907349E-08 -4.268868E-07 5.227856E-23 180 -1 -1 -1 2.281083E-25 3.72529E-09 1 6.123234E-17  
																												<TransformMatrix>: 1 -1.224647E-16 0 0 1.224647E-16 1 -7.450581E-09 0 -9.12433E-25 -7.450581E-09 -1 0 -0.02955219 0 -1.907349E-08 1  
																												<Children>: 0
																											</Frame>
																									</Frame>
																							</Frame>
																					</Frame>
																					<Frame>: 51 0 Bip001_R_Finger1
																						<Transform>: -0.1279588 0.0003866577 0.008810921 10.94823 354.9819 277.4343 1 1 1 0.1003694 0.0301326 -0.6529996 0.750073  
																						<TransformMatrix>: 0.145367 -0.973546 -0.1762857 0 0.9856437 0.1270349 0.1112157 0 -0.08587911 -0.189922 0.9780361 0 -0.1279588 0.0003866577 0.008810921 1  
																						<Children>: 1
																							<Frame>: 52 0 Bip001_R_Finger11
																								<Transform>: -0.03546257 0 1.907349E-08 -7.072553E-07 7.165594E-07 346.631 1 1 0.9999999 -6.857892E-09 5.492222E-09 -0.1164022 0.9932021  
																								<TransformMatrix>: 0.972901 -0.2312219 -9.313225E-09 0 0.2312219 0.972901 -1.490116E-08 0 1.250632E-08 1.234393E-08 0.9999999 0 -0.03546257 0 1.907349E-08 1  
																								<Children>: 1
																									<Frame>: 53 0 Bip001_R_Finger12
																										<Transform>: -0.02174091 -3.814697E-08 0 1.974112E-07 8.306372E-07 346.631 1 1 1 8.672641E-10 7.399933E-09 -0.1164022 0.9932022  
																										<TransformMatrix>: 0.972901 -0.2312219 -1.490116E-08 0 0.2312219 0.972901 0 0 1.449736E-08 -3.445475E-09 1 0 -0.02174091 -3.814697E-08 0 1  
																										<Children>: 1
																											<Frame>: 54 0 Bip001_R_Finger1Nub
																												<Transform>: -0.01817345 0 1.907349E-08 -8.537738E-07 7.47052E-07 180 -0.9999999 -0.9999999 -0.9999999 6.519258E-09 7.450581E-09 1 1.266007E-17  
																												<TransformMatrix>: 0.9999999 -1.224647E-16 -1.303852E-08 0 -7.182438E-17 0.9999999 -1.490116E-08 0 -1.303852E-08 -1.490116E-08 -0.9999999 0 -0.01817345 0 1.907349E-08 1  
																												<Children>: 0
																											</Frame>
																									</Frame>
																							</Frame>
																					</Frame>
																					<Frame>: 55 0 Bip001_R_Finger2
																						<Transform>: -0.1228223 0.0004172134 -0.01583021 11.25569 341.5174 275.4919 1 1 1 0.1791089 -0.0532069 -0.6488362 0.7376319  
																						<TransformMatrix>: 0.1523612 -0.9762642 -0.1539304 0 0.938145 0.0938632 0.333278 0 -0.3109189 -0.1951877 0.9301782 0 -0.1228223 0.0004172134 -0.01583021 1  
																						<Children>: 1
																							<Frame>: 56 0 Bip001_R_Finger21
																								<Transform>: -0.0413731 0 9.536743E-09 -1.017901E-07 -4.282974E-07 346.631 1 1 1 -4.47183E-10 -3.815591E-09 -0.1164022 0.9932022  
																								<TransformMatrix>: 0.9729012 -0.2312219 7.683413E-09 0 0.2312219 0.972901 1.110223E-16 0 -7.4752E-09 1.776573E-09 1 0 -0.0413731 0 9.536743E-09 1  
																								<Children>: 1
																									<Frame>: 57 0 Bip001_R_Finger22
																										<Transform>: -0.0257626 -3.814697E-08 0 4.693993E-07 2.898179E-06 346.631 1 1 1 1.124462E-09 2.559627E-08 -0.1164022 0.9932021  
																										<TransformMatrix>: 0.972901 -0.2312219 -5.110633E-08 0 0.2312219 0.9729012 -3.72529E-09 0 5.058278E-08 -8.192564E-09 1 0 -0.0257626 -3.814697E-08 0 1  
																										<Children>: 1
																											<Frame>: 58 0 Bip001_R_Finger2Nub
																												<Transform>: -0.02401173 3.814697E-08 -9.536743E-09 -6.208078E-23 -5.069281E-07 180 -1 -1 -1 -4.423782E-09 2.708785E-25 1 6.123234E-17  
																												<TransformMatrix>: 1 -1.224647E-16 8.847564E-09 0 1.224647E-16 1 0 0 8.847564E-09 -1.083514E-24 -1 0 -0.02401173 3.814697E-08 -9.536743E-09 1  
																												<Children>: 0
																											</Frame>
																									</Frame>
																							</Frame>
																					</Frame>
																					<Frame>: 59 0 Bip001_R_Finger3
																						<Transform>: -0.117561 0.01772388 -0.04078386 12.81114 326.6899 261.9961 0.9999999 1 1 0.2850825 -0.1061816 -0.6975779 0.6487208  
																						<TransformMatrix>: 0.004221141 -0.9656075 -0.25997 0 0.8445258 -0.1357739 0.5180177 0 -0.5354989 -0.2217381 0.8149071 0 -0.117561 0.01772388 -0.04078386 1  
																						<Children>: 1
																							<Frame>: 60 0 Bip001_R_Finger31
																								<Transform>: -0.02679527 3.814697E-08 -9.536743E-09 1.340482E-06 -1.744608E-06 346.631 1 1 1 1.339056E-08 -1.375942E-08 -0.1164022 0.9932022  
																								<TransformMatrix>: 0.972901 -0.2312219 2.421439E-08 0 0.2312219 0.972901 2.980233E-08 0 -3.044916E-08 -2.339582E-08 1 0 -0.02679527 3.814697E-08 -9.536743E-09 1  
																								<Children>: 1
																									<Frame>: 61 0 Bip001_R_Finger32
																										<Transform>: -0.02400644 0 0 -1.957392E-06 -8.511337E-07 346.631 1 1 1 -1.610076E-08 -9.365372E-09 -0.1164022 0.9932022  
																										<TransformMatrix>: 0.972901 -0.2312219 2.235175E-08 0 0.2312219 0.972901 -2.980233E-08 0 -1.485509E-08 3.416293E-08 1 0 -0.02400644 0 0 1  
																										<Children>: 1
																											<Frame>: 62 0 Bip001_R_Finger3Nub
																												<Transform>: -0.01825525 -3.814697E-08 0 -1.045571E-22 -8.537735E-07 180 -1 -1 -1 -7.45058E-09 4.562164E-25 1 6.123234E-17  
																												<TransformMatrix>: 1 -1.224647E-16 1.490116E-08 0 1.224647E-16 1 9.860762E-32 0 1.490116E-08 -1.824866E-24 -1 0 -0.01825525 -3.814697E-08 0 1  
																												<Children>: 0
																											</Frame>
																									</Frame>
																							</Frame>
																					</Frame>
																					<Frame>: 63 0 Bip001_R_Finger4
																						<Transform>: -0.1040885 0.02009117 -0.05749916 19.11907 336.1257 276.2213 0.9999999 1 1 0.2571436 -0.04335203 -0.6186123 0.7411589  
																						<TransformMatrix>: 0.2308787 -0.9392754 -0.2538829 0 0.8946849 0.1023918 0.4348049 0 -0.382406 -0.3275324 0.8639956 0 -0.1040885 0.02009117 -0.05749916 1  
																						<Children>: 1
																							<Frame>: 64 0 Bip001_R_Finger41
																								<Transform>: -0.02741417 0 9.536743E-09 0.08363858 4.281445 311.4409 1 1 1 -0.01469466 0.03434991 -0.4109266 0.9109026  
																								<TransformMatrix>: 0.6599188 -0.7496378 -0.050502 0 0.7476188 0.6618468 -0.05500141 0 0.0746557 -0.001459768 0.9972083 0 -0.02741417 0 9.536743E-09 1  
																								<Children>: 1
																									<Frame>: 65 0 Bip001_R_Finger42
																										<Transform>: -0.01790789 -3.814697E-08 9.536743E-09 349.9994 359.1714 316.7575 0.9999999 1 0.9999999 -0.07837185 -0.03881209 -0.3676435 0.9258454  
																										<TransformMatrix>: 0.7266638 -0.6746784 0.1294938 0 0.6868456 0.7173922 -0.1165824 0 -0.01424219 0.1736584 0.9847029 0 -0.01790789 -3.814697E-08 9.536743E-09 1  
																										<Children>: 1
																											<Frame>: 66 0 Bip001_R_Finger4Nub
																												<Transform>: -0.01431076 0 0 -1.280661E-06 8.537738E-07 180 -0.9999999 -1 -1 7.450581E-09 1.117587E-08 1 -2.20344E-17  
																												<TransformMatrix>: 0.9999999 -1.224647E-16 -1.490116E-08 0 -2.106023E-16 1 -2.235174E-08 0 -1.490116E-08 -2.235174E-08 -1 0 -0.01431076 0 0 1  
																												<Children>: 0
																											</Frame>
																									</Frame>
																							</Frame>
																					</Frame>
																			</Frame>
																	</Frame>
															</Frame>
													</Frame>
											</Frame>
									</Frame>
							</Frame>
					</Frame>
			</Frame>
			<Frame>: 67 0 Boss_low
				<Transform>: 0 0 0.4424511 270 0 0 1 1 1 -0.7071068 0 0 0.7071068  
				<TransformMatrix>: 1 0 0 0 0 -1.192093E-07 -1 0 0 1 -1.192093E-07 0 0 0 0.4424511 1  
				<SkinningInfo>: Boss_low
					<BonesPerVertex>: 4
					<Bounds>: -0.03230465 -0.03369424 0.1381894 0.2372819 0.438776 0.7796875
					<BoneNames>: 54 Bip001_Head Bip001_L_Clavicle Bip001_R_Clavicle Bip001_Neck Bip001_R_UpperArm Bip001_Spine1 Bip001_Spine2 Bip001_Spine Bip001_L_UpperArm Bip001_R_Thigh Bip001_L_Thigh Bip001 Bip001_Pelvis Bip001_L_Forearm Bip001_L_Calf Bip001_R_Calf Bip001_L_Hand Bip001_L_Finger0 Bip001_R_Foot Bip001_L_Foot Bip001_R_Forearm Bip001_R_Hand Bip001_R_Finger0 Bip001_R_Finger01 Bip001_L_Toe0 Bip001_R_Toe0 Bip001_R_Toe0Nub Bip001_R_Finger2 Bip001_R_Finger3 Bip001_R_Finger1 Bip001_R_Finger4 Bip001_R_Finger11 Bip001_R_Finger21 Bip001_R_Finger02 Bip001_R_Finger41 Bip001_R_Finger12 Bip001_R_Finger22 Bip001_R_Finger31 Bip001_R_Finger32 Bip001_R_Finger42 Bip001_L_Finger2 Bip001_L_Finger3 Bip001_L_Finger1 Bip001_L_Finger4 Bip001_L_Finger01 Bip001_L_Finger11 Bip001_L_Finger21 Bip001_L_Finger02 Bip001_L_Finger41 Bip001_L_Finger12 Bip001_L_Finger22 Bip001_L_Finger31 Bip001_L_Finger32 Bip001_L_Finger42  
					<BoneOffsets>: 54 3.119517E-07 1.438657E-06 -1 0 0.2275485 -0.9737667 -1.329932E-06 0 -0.9737667 -0.2275486 -6.311324E-07 0 1.174576 0.3016793 7.453334E-07 1 1 1.370927E-06 -4.424408E-08 0 -1.370881E-06 1 2.910383E-09 0 4.376375E-08 2.910383E-09 1 0 0.08956769 -0.04229037 -1.094421 1 -1 1.370904E-06 -4.393428E-08 0 1.370927E-06 1 -2.910383E-09 0 4.389022E-08 -5.820766E-09 -1 0 0.08956759 -0.04229037 1.09442 1 5.964508E-07 1.539245E-06 -1 0 0.4350775 -0.900393 -1.126423E-06 0 -0.9003928 -0.4350775 -1.206731E-06 0 1.056139 0.5358632 1.428295E-06 1 -0.7336471 0.01475252 -0.6793705 0 -0.04872367 0.9960489 0.07424548 0 0.6777818 0.08757143 -0.7300295 0 -0.6138191 -0.1404946 0.9124038 1 1.091736E-09 1.402694E-06 -1 0 0.0007963128 -0.9999998 -1.402692E-06 0 -0.9999997 -0.0007963186 -2.208691E-09 0 0.8135279 0.04301811 6.133888E-08 1 1.091738E-09 1.402694E-06 -1 0 0.0007963157 -0.9999997 -1.402692E-06 0 -0.9999996 -0.0007963186 -2.208691E-09 0 0.9138464 0.043098 6.156006E-08 1 1.091734E-09 1.402694E-06 -1 0 0.0007963128 -0.9999998 -1.402692E-06 0 -0.9999997 -0.0007963128 -2.208603E-09 0 0.7132097 0.04293822 6.111736E-08 1 0.7336469 -0.01474981 -0.6793706 0 -0.04872567 0.996049 -0.07424363 0 0.6777816 0.08757143 0.7300295 0 -0.6138189 -0.1404946 -0.9124039 1 -0.1031691 0.007121745 0.9946384 0 -0.08633751 -0.9962643 -0.001821996 0 0.9909097 -0.0860626 0.1033986 0 -0.6209432 0.09656234 -0.1650092 1 0.1031687 -0.007124504 0.9946384 0 -0.08633782 -0.9962643 0.001819229 0 0.9909097 -0.08606257 -0.1033984 0 -0.6209433 0.09656233 0.1650092 1 1.370907E-06 -1 -2.934968E-19 0 1 1.370907E-06 6.124048E-17 0 -6.123222E-17 -1.204409E-22 1 0 -0.04229044 -5.797625E-08 -0.6406708 1 1.3868E-06 -2.757708E-06 -1 0 -8.881784E-14 -1 2.757707E-06 0 -1 -3.730349E-12 -1.3868E-06 0 0.6406708 0.04229044 7.718577E-07 1 0.7222539 -0.1296335 -0.6793707 0 0.1080991 0.9913639 -0.07424363 0 0.6831281 -0.01981657 0.7300296 0 -0.3979605 -0.07905632 -0.912404 1 0.1029712 -0.009564072 0.9946384 0 -0.1098913 -0.9939418 0.001819263 0 0.9885952 -0.1094894 -0.1033984 0 -0.3697552 0.1053425 0.1650092 1 -0.1029717 0.00956134 0.9946383 0 -0.109891 -0.9939421 -0.001822015 0 0.9885954 -0.1094894 0.1033986 0 -0.3697552 0.1053425 -0.1650092 1 0.8292528 0.5435281 -0.1300663 0 0.1193492 0.05513386 0.9913203 0 0.5459815 -0.8375784 -0.01914965 0 -0.04703283 0.9347092 -0.0798007 1 0.6397258 0.2146628 -0.7380182 0 0.2732282 0.833973 0.4794112 0 0.718399 -0.5083392 0.4748623 0 -0.2189479 0.512451 -0.7258236 1 4.37114E-08 -1.370907E-06 1 0 2.910383E-09 -0.9999999 -1.370906E-06 0 1 0 -4.371147E-08 0 -0.1533415 0.09053728 -0.1501236 1 4.371122E-08 -1.370907E-06 1 0 1.455192E-09 -0.9999999 -1.370907E-06 0 1 0 -4.371119E-08 0 -0.1533415 0.09053728 0.1501236 1 -0.7222536 0.1296362 -0.6793704 0 0.1081011 0.9913635 0.07424547 0 0.6831281 -0.01981664 -0.7300297 0 -0.3979605 -0.07905637 0.9124038 1 -0.8292525 -0.5435278 -0.130069 0 0.1193514 0.05513536 -0.99132 0 0.5459816 -0.8375784 0.01914967 0 -0.04703295 0.9347093 0.07980065 1 -0.6397251 -0.2146606 -0.7380193 0 0.27323 0.8339738 -0.4794093 0 0.718399 -0.5083392 -0.4748623 0 -0.2189479 0.5124508 0.7258234 1 -0.572755 -0.356762 -0.7380195 0 0.07299271 0.8745506 -0.4794093 0 0.8164703 -0.3284541 -0.4748623 0 -0.3027532 0.4547716 0.7258234 1 1.371604E-06 4.371145E-08 1 0 0.9999999 0 -1.371604E-06 0 -1.455192E-09 0.9999999 -4.371157E-08 0 0.1525245 -0.007547142 0.1501236 1 1.371604E-06 -4.371151E-08 1 0 0.9999999 0 -1.371604E-06 0 -1.455192E-09 1 4.371157E-08 0 0.1525245 -0.007547143 -0.1501236 1 1.371604E-06 -4.371151E-08 1 0 0.9999999 0 -1.371604E-06 0 -1.455192E-09 1 4.37114E-08 0 0.1619905 -0.007547143 -0.1501236 1 0.163551 -0.9561563 0.2429329 0 0.0526838 -0.2374322 -0.9699744 0 0.9851272 0.1714389 0.01154172 0 -0.8255067 0.4389156 -0.1169729 1 0.3390541 -0.8214241 0.4585901 0 0.07934715 -0.4607581 -0.8839717 0 0.9374149 0.3361019 -0.09104413 0 -0.880657 0.2538091 -0.1428329 1 0.1625171 -0.9855749 0.04723129 0 0.1369334 -0.02487644 -0.9902679 0 0.9771581 0.167403 0.1309152 0 -0.8163877 0.4525937 -0.1149678 1 0.567597 -0.7451273 0.3501704 0 0.1353655 -0.3350729 -0.9324175 0 0.8121024 0.5766384 -0.08932178 0 -0.9245211 0.02314386 -0.05794886 1 0.5034122 -0.8627546 0.04723125 0 0.1367982 0.02560906 -0.9902676 0 0.8531486 0.5049741 0.1309152 0 -0.8910004 0.1442336 -0.1149677 1 0.7098656 -0.6611164 0.2429327 0 0.1858716 -0.1568481 -0.9699744 0 0.6793696 0.7337057 0.01154173 0 -0.8896694 -0.1264948 -0.1169728 1 -0.2422886 -0.6297807 -0.7380194 0 -0.468529 0.7420562 -0.4794092 0 0.8495745 0.2296281 -0.4748623 0 -0.4920118 0.198445 0.7258235 1 0.9075308 -0.2318804 0.3501703 0 0.3141183 -0.1786823 -0.9324177 0 0.2787786 0.9561927 -0.0893218 0 -0.7177238 -0.5387103 -0.05794881 1 0.8979818 -0.4374908 0.04723115 0 0.09949611 0.09731444 -0.9902678 0 0.4286369 0.8939417 0.1309152 0 -0.802821 -0.3631721 -0.1149677 1 0.9690783 -0.04325672 0.2429327 0 0.2432044 0.001054065 -0.9699744 0 0.04170182 0.9990636 0.0115417 0 -0.5758257 -0.6563234 -0.1169728 1 0.8526058 -0.2505165 0.4585903 0 0.4087932 -0.2268969 -0.8839717 0 0.3255023 0.9411479 -0.09104412 0 -0.7328638 -0.5063689 -0.142833 1 0.8687117 0.1871763 0.4585902 0 0.4675227 -0.004069216 -0.8839716 0 -0.1635925 0.982318 -0.09104414 0 -0.3808812 -0.7834652 -0.142833 1 0.8854614 0.3055146 0.3501703 0 0.3606148 0.02354854 -0.9324176 0 -0.2931131 0.9518964 -0.08932175 0 -0.2881417 -0.8348207 -0.05794874 1 -0.1635509 0.9561557 0.2429355 0 0.05268424 -0.2374347 0.9699739 0 0.9851273 0.1714389 -0.01154172 0 -0.8255066 0.4389157 0.1169729 1 -0.3390538 0.8214231 0.4585925 0 0.07934808 -0.4607604 0.8839703 0 0.9374149 0.336102 0.09104419 0 -0.8806571 0.2538093 0.142833 1 -0.1625167 0.9855748 0.04723382 0 0.1369338 -0.02487899 0.9902676 0 0.9771579 0.167403 -0.1309153 0 -0.8163877 0.4525938 0.1149677 1 -0.5675965 0.7451264 0.3501728 0 0.1353671 -0.3350749 0.9324165 0 0.8121022 0.5766383 0.08932178 0 -0.9245211 0.02314401 0.05794889 1 0.5727552 0.3567643 -0.7380182 0 0.07299116 0.8745497 0.4794113 0 0.8164704 -0.3284541 0.4748623 0 -0.3027531 0.4547716 -0.7258236 1 -0.503412 0.8627545 0.04723391 0 0.1367996 0.02560676 0.9902676 0 0.8531486 0.5049741 -0.1309152 0 -0.8910005 0.1442336 0.1149677 1 -0.7098649 0.6611159 0.2429353 0 0.1858734 -0.1568498 0.9699737 0 0.6793694 0.7337056 -0.01154171 0 -0.8896694 -0.1264947 0.1169728 1 0.2422873 0.6297827 -0.7380182 0 -0.4685297 0.7420545 0.4794113 0 0.8495744 0.229628 0.4748623 0 -0.4920118 0.1984451 -0.7258236 1 -0.9075301 0.2318801 0.3501728 0 0.3141207 -0.1786829 0.9324165 0 0.2787786 0.9561926 0.08932178 0 -0.7177241 -0.5387102 0.05794889 1 -0.8979814 0.437491 0.04723386 0 0.09949853 0.09731321 0.9902678 0 0.4286368 0.8939416 -0.1309152 0 -0.802821 -0.3631721 0.1149677 1 -0.9690775 0.04325671 0.2429353 0 0.2432071 0.001053954 0.9699737 0 0.04170184 0.9990634 -0.01154169 0 -0.5758258 -0.6563234 0.1169728 1 -0.8526047 0.250516 0.4585925 0 0.4087955 -0.2268976 0.8839704 0 0.3255022 0.941148 0.09104417 0 -0.7328639 -0.5063689 0.142833 1 -0.8687105 -0.1871764 0.4585925 0 0.4675251 -0.004068715 0.8839705 0 -0.1635925 0.9823182 0.09104419 0 -0.3808813 -0.7834653 0.142833 1 -0.8854605 -0.3055145 0.3501728 0 0.3606173 0.02354935 0.9324165 0 -0.2931131 0.9518963 0.08932174 0 -0.2881421 -0.8348207 0.05794887 1  
