<Hierarchy>:
	<Frame>: 0 0 Character1_Run_1st_View
		<Transform>: 0 0 0 0 0 0 1 1 1 0 0 0 1  
		<TransformMatrix>: 1 0 0 0 0 1 0 0 0 0 1 0 0 0 0 1  
		<Children>: 2
			<Frame>: 1 0 Bip002
				<Transform>: 0 0.6433848 0 280 -7.8667E-05 90 1 1 1 -0.4545198 0.4545191 0.5416749 0.5416755  
				<TransformMatrix>: 1.311302E-06 0.1736481 -0.9848077 0 -1 0 -1.311302E-06 0 -2.384186E-07 0.9848077 0.1736482 0 0 0.6433848 0 1  
				<Children>: 1
					<Frame>: 2 0 Bip002_Pelvis
						<Transform>: 0 0 0 270 89.99993 0 1 1 1 -0.5 0.5 0.4999993 0.5000007  
						<TransformMatrix>: 1.311302E-06 0 -1 0 -1 1.311302E-06 -1.311302E-06 0 1.311302E-06 1 0 0 0 0 0 1  
						<Children>: 1
							<Frame>: 3 0 Bip002_Spine
								<Transform>: -0.07257114 -8.624077E-05 1.007613E-07 -0.0002383455 7.647962E-05 1.07382 1 1 1 -2.073611E-06 6.868719E-07 0.009370709 0.9999561  
								<TransformMatrix>: 0.9998245 0.0187406 -1.412546E-06 0 -0.0187406 0.9998245 -4.134168E-06 0 1.334821E-06 4.159913E-06 1 0 -0.07257114 -8.624077E-05 1.007613E-07 1  
								<Children>: 3
									<Frame>: 4 0 Bip002_L_Thigh
										<Transform>: 0.07256 -0.001274042 0.09937455 2.42171 178.9819 358.8675 0.9999999 1 1 -0.009692711 0.9996903 -0.02121776 0.008673596  
										<TransformMatrix>: -0.9996617 -0.01974748 -0.0169305 0 -0.01901135 0.9989117 -0.04259051 0 0.01775314 -0.04225423 -0.9989493 0 0.07256 -0.001274042 0.09937455 1  
										<Children>: 1
											<Frame>: 5 0 Bip002_L_Calf
												<Transform>: -0.2487985 0 9.536743E-09 5.248E-07 -1.646794E-07 5.412077 0.9999999 0.9999998 1 4.506789E-09 -1.651714E-09 0.04721172 0.9988849  
												<TransformMatrix>: 0.995542 0.09431814 3.725291E-09 0 -0.09431814 0.9955419 8.847564E-09 0 -2.874198E-09 -9.159487E-09 1 0 -0.2487985 0 9.536743E-09 1  
												<Children>: 1
													<Frame>: 6 0 Bip002_L_Foot
														<Transform>: -0.2435701 9.536743E-09 0 357.6613 1.196974 346.7483 1 0.9999999 0.9999999 -0.02147506 0.00801886 -0.115143 0.9930844  
														<TransformMatrix>: 0.9733556 -0.2290378 -0.01098141 0 0.2283489 0.9725618 -0.04449971 0 0.02087221 0.04080645 0.998949 0 -0.2435701 9.536743E-09 0 1  
														<Children>: 1
															<Frame>: 7 0 Bip002_L_Toe0
																<Transform>: -0.1457944 0.2430618 0 -7.513211E-05 3.358252E-06 270 1 1 1 -4.843381E-07 -4.428928E-07 -0.7071068 0.7071068  
																<TransformMatrix>: -1.192093E-07 -1 1.311303E-06 0 1 -1.192093E-07 -5.861256E-08 0 5.861256E-08 1.311303E-06 1 0 -0.1457944 0.2430618 0 1  
																<Children>: 1
																	<Frame>: 8 0 Bip002_L_Toe0Nub
																		<Transform>: -0.01901668 0 9.536743E-09 -7.42511E-29 -6.063062E-13 180 -1 -1 -1 -5.29102E-15 3.239815E-31 1 6.123234E-17  
																		<TransformMatrix>: 1 -1.224647E-16 1.058204E-14 0 1.224647E-16 1 4.701977E-38 0 1.058204E-14 -1.295926E-30 -1 0 -0.01901668 0 9.536743E-09 1  
																		<Children>: 0
																	</Frame>
															</Frame>
													</Frame>
											</Frame>
									</Frame>
									<Frame>: 9 0 Bip002_R_Thigh
										<Transform>: 0.07256 -0.001273489 -0.09937457 357.7569 180.7918 336.0362 0.9999999 0.9999999 1 -0.2074259 0.9780305 0.02058073 -0.002694733  
										<TransformMatrix>: -0.9139344 -0.4058487 -0.003266893 0 -0.4056268 0.9131018 0.04137508 0 -0.01380902 0.03913926 -0.9991384 0 0.07256 -0.001273489 -0.09937457 1  
										<Children>: 1
											<Frame>: 10 0 Bip002_R_Calf
												<Transform>: -0.2487985 0 0 3.722987E-07 -4.882124E-08 94.83719 1 1 1 1.884634E-09 -2.680512E-09 0.7363167 0.6766371  
												<TransformMatrix>: -0.08432472 0.9964384 6.402843E-09 0 -0.9964384 -0.08432472 -1.396984E-09 0 -8.520913E-10 -6.497838E-09 1 0 -0.2487985 0 0 1  
												<Children>: 1
													<Frame>: 11 0 Bip002_R_Foot
														<Transform>: -0.2435702 7.629394E-08 -9.536743E-09 359.9865 357.6215 350.1852 1 1 1 0.001658575 -0.02068875 -0.08552917 0.9961195  
														<TransformMatrix>: 0.9845137 -0.1704632 0.04093324 0 0.170326 0.9853643 0.006843264 0 -0.04150065 0.0002347049 0.9991385 0 -0.2435702 7.629394E-08 -9.536743E-09 1  
														<Children>: 1
															<Frame>: 12 0 Bip002_R_Toe0
																<Transform>: -0.1457944 0.2430618 0 -1.424889E-12 -2.504473E-06 330 0.9999999 1 1 5.656647E-09 -2.111094E-08 -0.2588191 0.9659259  
																<TransformMatrix>: 0.8660253 -0.5 3.78551E-08 0 0.5000001 0.8660254 2.185563E-08 0 -4.37113E-08 2.4869E-14 1 0 -0.1457944 0.2430618 0 1  
																<Children>: 1
																	<Frame>: 13 0 Bip002_R_Toe0Nub
																		<Transform>: -0.01901668 0 0 6.182999E-12 -3.333221E-12 1.707547E-06 1 1 1 5.395684E-14 -2.908784E-14 1.490116E-08 1  
																		<TransformMatrix>: 1 2.980232E-08 5.817569E-14 0 -2.980232E-08 1 1.079137E-13 0 -5.817569E-14 -1.079137E-13 1 0 -0.01901668 0 0 1  
																		<Children>: 0
																	</Frame>
															</Frame>
													</Frame>
											</Frame>
									</Frame>
									<Frame>: 14 0 Bip002_Spine1
										<Transform>: -0.1083662 -9.778023E-05 -2.712113E-10 2.390329E-08 2.756664E-06 359.006 1 1 1 -7.029033E-14 2.405734E-08 -0.008673688 0.9999624  
										<TransformMatrix>: 0.9998496 -0.01734672 -4.811287E-08 0 0.01734672 0.9998496 -4.174723E-10 0 4.811287E-08 -4.171911E-10 1 0 -0.1083662 -9.778023E-05 -2.712113E-10 1  
										<Children>: 1
											<Frame>: 15 0 Bip002_Spine2
												<Transform>: -0.122831 -0.0001465797 -4.065805E-10 2.390695E-08 2.756666E-06 359.006 0.9999999 0.9999999 1 -3.835215E-14 2.405735E-08 -0.008673682 0.9999624  
												<TransformMatrix>: 0.9998495 -0.01734671 -4.81129E-08 0 0.01734671 0.9998495 -4.174083E-10 0 4.81129E-08 -4.17255E-10 1 0 -0.122831 -0.0001465797 -4.065805E-10 1  
												<Children>: 1
													<Frame>: 16 0 Bip002_Neck
														<Transform>: -0.2537151 0.01924989 5.339152E-08 1.57741E-05 6.902665E-05 334.2554 0.9999999 0.9999999 1 7.152541E-15 6.178996E-07 -0.2227789 0.974869  
														<TransformMatrix>: 0.9007391 -0.4343604 -1.204742E-06 0 0.4343604 0.9007391 -2.753099E-07 0 1.204742E-06 -2.7531E-07 1 0 -0.2537151 0.01924989 5.339152E-08 1  
														<Children>: 3
															<Frame>: 17 0 Bip002_Head
																<Transform>: -0.04628837 -0.01856419 -3.832727E-08 3.738296E-06 -3.426617E-05 12.45228 1 1 1 -1.684128E-13 -3.00803E-07 0.1084529 0.9941016  
																<TransformMatrix>: 0.9764761 0.2156264 5.980575E-07 0 -0.2156264 0.9764761 -6.524624E-08 0 -5.980576E-07 -6.524557E-08 1 0 -0.04628837 -0.01856419 -3.832727E-08 1  
																<Children>: 1
																	<Frame>: 18 0 Bip002_HeadNub
																		<Transform>: -0.3387214 0 1.455191E-13 3.256888E-12 -9.706283E-20 -1.707547E-06 1 1 1 2.842171E-14 -4.235165E-22 -1.490116E-08 1  
																		<TransformMatrix>: 1 -2.980232E-08 0 0 2.980232E-08 1 5.684342E-14 0 -1.694066E-21 -5.684342E-14 1 0 -0.3387214 0 1.455191E-13 1  
																		<Children>: 0
																	</Frame>
															</Frame>
															<Frame>: 19 0 Bip002_L_Clavicle
																<Transform>: 0.06790878 0.01137287 0.1006898 26.34912 272.0948 163.9205 1 1 1 -0.6462048 -0.2569858 0.7162011 -0.058598  
																<TransformMatrix>: -0.1579714 0.248195 -0.9557429 0 0.4160669 -0.8610495 -0.2923744 0 -0.8955076 -0.4438397 0.03275526 0 0.06790878 0.01137287 0.1006898 1  
																<Children>: 1
																	<Frame>: 20 0 Bip002_L_UpperArm
																		<Transform>: -0.08203878 9.536743E-09 7.629394E-08 10.28666 296.6801 62.11283 0.9999999 0.9999999 1 -0.2043158 -0.4871952 0.4776486 0.70196  
																		<TransformMatrix>: 0.0689854 0.8696637 0.4888007 0 -0.4714971 0.4602137 -0.7522592 0 -0.8791654 -0.1785731 0.4417918 0 -0.08203878 9.536743E-09 7.629394E-08 1  
																		<Children>: 1
																			<Frame>: 21 0 Bip002_L_Forearm
																				<Transform>: -0.233183 0 0 -7.277339E-07 -1.634276E-06 48.64283 1 1 1 -1.166082E-08 -1.038045E-08 0.411855 0.9112494  
																				<TransformMatrix>: 0.660751 0.7506052 9.313226E-09 0 -0.7506053 0.660751 -2.980232E-08 0 -2.85235E-08 1.270135E-08 1 0 -0.233183 0 0 1  
																				<Children>: 1
																					<Frame>: 22 0 Bip002_L_Hand
																						<Transform>: -0.1893204 -7.629394E-08 0 289.9987 163.5748 213.3293 0.9999999 0.9999999 0.9999999 -0.8001898 0.1540038 0.0507029 0.5774152  
																						<TransformMatrix>: 0.947424 -0.1879113 -0.2589922 0 -0.3050178 -0.285749 -0.9084665 0 0.09670443 0.9397003 -0.3280418 0 -0.1893204 -7.629394E-08 0 1  
																						<Children>: 0
																					</Frame>
																			</Frame>
																	</Frame>
															</Frame>
															<Frame>: 23 0 Bip002_R_Clavicle
																<Transform>: 0.06790878 0.01137344 -0.1006898 333.6509 87.90504 163.9209 1 1 1 0.6462047 0.2569838 0.7162018 -0.05859975  
																<TransformMatrix>: -0.1579714 0.2481897 0.9557442 0 0.4160667 -0.8610508 0.2923696 0 0.8955076 0.4438394 0.03275776 0 0.06790878 0.01137344 -0.1006898 1  
																<Children>: 1
																	<Frame>: 24 0 Bip002_R_UpperArm
																		<Transform>: -0.0820388 1.907349E-08 -7.629394E-08 349.7133 63.31989 62.11284 0.9999999 0.9999999 1 0.2043158 0.4871951 0.4776486 0.70196  
																		<TransformMatrix>: 0.06898545 0.8696637 -0.4888006 0 -0.471497 0.4602137 0.7522591 0 0.8791653 0.1785731 0.4417919 0 -0.0820388 1.907349E-08 -7.629394E-08 1  
																		<Children>: 1
																			<Frame>: 25 0 Bip002_R_Forearm
																				<Transform>: -0.2331831 0 0 2.97748E-06 1.928739E-06 48.64283 1 1 1 3.060947E-08 4.636231E-09 0.411855 0.9112494  
																				<TransformMatrix>: 0.6607509 0.7506053 1.676381E-08 0 -0.7506053 0.6607509 5.960464E-08 0 3.366285E-08 -5.196682E-08 1 0 -0.2331831 0 0 1  
																				<Children>: 1
																					<Frame>: 26 0 Bip002_R_Hand
																						<Transform>: -0.1893204 0 -7.629394E-08 70.00131 196.4252 213.3293 0.9999999 0.9999999 0.9999999 0.8001898 -0.1540038 0.05070288 0.5774152  
																						<TransformMatrix>: 0.947424 -0.1879113 0.2589921 0 -0.3050178 -0.285749 0.9084666 0 -0.09670444 -0.9397004 -0.3280418 0 -0.1893204 0 -7.629394E-08 1  
																						<Children>: 0
																					</Frame>
																			</Frame>
																	</Frame>
															</Frame>
													</Frame>
											</Frame>
									</Frame>
							</Frame>
					</Frame>
			</Frame>
			<Frame>: 27 0 Character001
				<Transform>: 0 -0.03095718 -0.0152449 270 0 0 1 1 1 -0.7071068 0 0 0.7071068  
				<TransformMatrix>: 1 0 0 0 0 -1.192093E-07 -1 0 0 1 -1.192093E-07 0 0 -0.03095718 -0.0152449 1  
				<SkinningInfo>: Character001
					<BonesPerVertex>: 4
					<Bounds>: -0.3437996 0.2065811 0.0003051907 0.1739085 0.3368949 0.3409497
					<BoneNames>: 15 Bip002_Head Bip002_R_Clavicle Bip002_R_UpperArm Bip002_L_Clavicle Bip002_Spine Bip002_Spine1 Bip002_Spine2 Bip002_R_Forearm Bip002_Neck Bip002_R_Thigh Bip002_R_Hand Bip002_L_Forearm Bip002_L_UpperArm Bip002_L_Thigh Bip002_L_Hand  
					<BoneOffsets>: 15 2.399236E-07 1.423851E-06 -1 0 0.175008 -0.9845671 -1.359888E-06 0 -0.9845669 -0.175008 -4.854058E-07 0 1.205197 0.2177737 5.992322E-07 1 -0.9999834 1.373701E-06 -0.005778589 0 0.0002245652 0.999254 -0.03862068 0 0.005774212 -0.03862133 -0.9992373 0 0.08317566 0.02801201 1.10644 1 -0.74106 0.01395433 -0.6712937 0 0.01234212 0.9998982 0.007160217 0 0.6713253 -0.002979091 -0.7411568 0 -0.6153122 -0.01380122 0.9346071 1 0.9999832 1.373701E-06 -0.005778484 0 0.0002218178 0.9992539 0.03862074 0 0.005774218 -0.03862137 0.9992371 0 0.08317567 0.02801229 -1.10644 1 -5.18555E-08 1.403674E-06 -1 0 -0.0378256 -0.9992844 -1.400708E-06 0 -0.9992844 0.03782558 1.049131E-07 0 0.7247862 -0.02735449 -7.598078E-08 1 -5.185547E-08 1.403674E-06 -1 0 -0.03782562 -0.9992843 -1.400708E-06 0 -0.9992843 0.03782561 1.049134E-07 0 0.8251045 -0.02727696 -8.107429E-08 1 -5.185566E-08 1.403674E-06 -1 0 -0.03782563 -0.9992843 -1.400708E-06 0 -0.9992844 0.03782562 1.049131E-07 0 0.9254231 -0.02719457 -8.616053E-08 1 -0.7410176 0.01604861 -0.6712937 0 0.01516801 0.9998593 0.007160158 0 0.6713142 -0.004876347 -0.7411569 0 -0.3821671 -0.01272327 0.9346068 1 5.483332E-07 1.517131E-06 -1 0 0.3999785 -0.9165244 -1.171166E-06 0 -0.9165245 -0.3999785 -1.10938E-06 0 1.097098 0.4775783 1.326124E-06 1 -0.1171949 0.00532702 0.9930948 0 -0.05801751 -0.9983145 -0.0014916 0 0.9914128 -0.05779166 0.1173064 0 -0.6354811 0.03719313 -0.1752579 1 -0.73475 -0.6781558 -0.01572618 0 0.04259522 -0.02298745 -0.9988279 0 0.6769993 -0.7345587 0.04577622 0 -0.2008037 0.9327787 -0.02106512 1 0.7410177 -0.01604587 -0.6712938 0 0.01516598 0.9998593 -0.007158414 0 0.6713142 -0.004876382 0.7411567 0 -0.3821669 -0.01272225 -0.9346071 1 0.74106 -0.01395154 -0.6712937 0 0.01234002 0.9998983 -0.007158343 0 0.6713253 -0.002979045 0.7411567 0 -0.6153122 -0.01380074 -0.9346071 1 0.1171946 -0.005329741 0.9930947 0 -0.05801779 -0.9983145 0.001488894 0 0.9914129 -0.05779167 -0.1173062 0 -0.6354812 0.03719286 0.1752581 1 0.7347502 0.6781555 -0.01572345 0 0.0425932 -0.02298933 0.9988279 0 0.6769994 -0.7345586 -0.04577622 0 -0.2008037 0.9327789 0.02106649 1  
					<BoneIndices>: 890 1 2 0 0 1 2 0 0 2 1 0 0 2 1 0 0 1 2 0 0 2 7 0 0 2 0 0 0 2 1 0 0 1 2 0 0 2 0 0 0 2 1 0 0 2 1 0 0 2 7 0 0 2 7 0 0 2 7 0 0 2 7 0 0 2 7 0 0 2 7 0 0 7 2 0 0 7 2 0 0 7 0 0 0 2 1 0 0 1 2 0 0 2 0 0 0 2 1 0 0 1 2 0 0 2 7 0 0 2 7 0 0 2 1 0 0 1 2 0 0 2 7 0 0 2 7 0 0 2 7 0 0 2 1 0 0 2 7 0 0 2 1 0 0 2 1 0 0 2 1 0 0 2 1 0 0 2 1 0 0 2 1 0 0 2 1 0 0 1 2 0 0 2 1 0 0 1 2 0 0 1 2 0 0 2 1 0 0 1 2 0 0 2 1 0 0 2 0 0 0 2 7 0 0 2 0 0 0 2 0 0 0 2 0 0 0 2 7 0 0 2 7 0 0 2 7 0 0 2 7 0 0 2 7 0 0 2 7 0 0 7 2 0 0 7 2 0 0 2 7 0 0 7 2 0 0 7 0 0 0 7 2 0 0 7 0 0 0 7 0 0 0 7 0 0 0 10 7 0 0 7 0 0 0 7 0 0 0 7 0 0 0 7 2 0 0 2 7 0 0 7 0 0 0 7 0 0 0 7 0 0 0 2 7 0 0 7 0 0 0 7 0 0 0 7 0 0 0 2 7 0 0 2 7 0 0 7 0 0 0 7 0 0 0 2 7 0 0 2 7 0 0 7 0 0 0 7 0 0 0 7 0 0 0 7 2 0 0 7 0 0 0 7 0 0 0 7 0 0 0 2 7 0 0 2 0 0 0 2 7 0 0 2 0 0 0 2 0 0 0 2 7 0 0 7 2 0 0 2 7 0 0 2 7 0 0 7 2 0 0 2 7 0 0 2 7 0 0 7 0 0 0 2 7 0 0 7 2 0 0 7 0 0 0 2 7 0 0 7 2 0 0 7 2 0 0 7 0 0 0 7 7 0 0 7 0 0 0 7 0 0 0 7 7 0 0 7 2 0 0 7 0 0 0 7 0 0 0 7 7 0 0 7 2 0 0 7 0 0 0 7 0 0 0 7 7 0 0 7 2 0 0 7 0 0 0 7 0 0 0 7 0 0 0 7 0 0 0 7 0 0 0 7 0 0 0 7 0 0 0 7 0 0 0 7 0 0 0 10 7 0 0 10 7 0 0 7 0 0 0 7 0 0 0 7 0 0 0 7 0 0 0 7 0 0 0 7 0 0 0 7 0 0 0 7 0 0 0 7 0 0 0 7 0 0 0 7 0 0 0 7 0 0 0 7 7 0 0 7 7 0 0 7 7 0 0 7 7 0 0 7 7 0 0 7 7 0 0 7 7 0 0 7 7 0 0 7 0 0 0 7 0 0 0 7 0 0 0 7 10 0 0 7 0 0 0 7 0 0 0 14 11 0 0 11 0 0 0 11 0 0 0 14 11 0 0 11 0 0 0 11 0 0 0 11 0 0 0 11 0 0 0 11 0 0 0 11 0 0 0 11 0 0 0 11 0 0 0 11 0 0 0 11 0 0 0 11 0 0 0 11 0 0 0 11 11 0 0 11 11 0 0 11 11 0 0 11 11 0 0 11 11 0 0 11 11 0 0 11 11 0 0 11 11 0 0 11 0 0 0 11 0 0 0 11 0 0 0 11 14 0 0 11 0 0 0 11 0 0 0 11 0 0 0 11 0 0 0 11 0 0 0 11 0 0 0 11 0 0 0 11 0 0 0 11 0 0 0 11 0 0 0 14 11 0 0 11 0 0 0 11 0 0 0 11 0 0 0 11 0 0 0 11 0 0 0 11 0 0 0 11 14 0 0 11 0 0 0 11 0 0 0 11 0 0 0 11 0 0 0 11 0 0 0 11 0 0 0 11 11 0 0 11 11 0 0 11 0 0 0 11 0 0 0 11 11 0 0 11 0 0 0 11 0 0 0 11 0 0 0 11 0 0 0 11 0 0 0 11 0 0 0 11 0 0 0 11 0 0 0 11 0 0 0 11 0 0 0 11 0 0 0 11 0 0 0 11 0 0 0 11 0 0 0 11 0 0 0 11 0 0 0 11 0 0 0 11 0 0 0 11 11 0 0 11 0 0 0 11 11 0 0 11 0 0 0 11 0 0 0 11 0 0 0 7 0 0 0 7 0 0 0 7 0 0 0 7 0 0 0 7 0 0 0 7 0 0 0 7 0 0 0 7 0 0 0 7 0 0 0 7 0 0 0 7 0 0 0 7 0 0 0 7 7 0 0 7 0 0 0 7 0 0 0 7 7 0 0 7 0 0 0 7 0 0 0 10 7 0 0 7 7 0 0 7 7 0 0 7 0 0 0 7 0 0 0 7 0 0 0 7 0 0 0 7 0 0 0 7 0 0 0 7 0 0 0 7 0 0 0 7 0 0 0 10 0 0 0 10 0 0 0 10 0 0 0 10 0 0 0 10 0 0 0 10 0 0 0 10 0 0 0 10 0 0 0 10 0 0 0 10 0 0 0 10 0 0 0 10 0 0 0 10 0 0 0 10 0 0 0 10 0 0 0 10 0 0 0 10 0 0 0 10 0 0 0 10 0 0 0 10 0 0 0 10 0 0 0 10 0 0 0 10 0 0 0 10 0 0 0 10 0 0 0 10 0 0 0 10 0 0 0 10 0 0 0 10 0 0 0 10 0 0 0 10 0 0 0 10 0 0 0 10 0 0 0 10 0 0 0 10 0 0 0 10 0 0 0 10 0 0 0 10 0 0 0 10 0 0 0 10 0 0 0 7 0 0 0 7 0 0 0 10 0 0 0 10 0 0 0 7 0 0 0 7 0 0 0 10 0 0 0 10 0 0 0 10 0 0 0 10 0 0 0 10 0 0 0 10 0 0 0 10 0 0 0 10 0 0 0 10 0 0 0 10 0 0 0 10 0 0 0 10 0 0 0 10 0 0 0 10 0 0 0 10 0 0 0 10 0 0 0 10 0 0 0 10 0 0 0 10 0 0 0 10 0 0 0 7 0 0 0 7 0 0 0 10 0 0 0 7 0 0 0 10 0 0 0 10 0 0 0 10 0 0 0 10 0 0 0 10 0 0 0 10 0 0 0 10 0 0 0 10 0 0 0 10 0 0 0 7 0 0 0 10 0 0 0 10 0 0 0 10 0 0 0 10 0 0 0 10 0 0 0 10 0 0 0 10 0 0 0 10 0 0 0 10 0 0 0 10 0 0 0 10 0 0 0 10 0 0 0 10 0 0 0 10 0 0 0 10 0 0 0 10 0 0 0 10 0 0 0 10 0 0 0 10 0 0 0 10 0 0 0 7 0 0 0 10 0 0 0 7 0 0 0 7 0 0 0 10 0 0 0 10 0 0 0 10 0 0 0 10 0 0 0 10 0 0 0 10 0 0 0 10 0 0 0 10 0 0 0 10 0 0 0 10 0 0 0 10 0 0 0 10 0 0 0 10 0 0 0 10 0 0 0 10 0 0 0 10 0 0 0 10 0 0 0 10 0 0 0 10 0 0 0 10 0 0 0 10 0 0 0 10 0 0 0 10 0 0 0 10 0 0 0 10 0 0 0 10 0 0 0 10 0 0 0 10 0 0 0 10 0 0 0 10 0 0 0 10 0 0 0 10 0 0 0 10 0 0 0 10 0 0 0 10 0 0 0 10 0 0 0 10 0 0 0 10 0 0 0 10 0 0 0 10 0 0 0 10 0 0 0 10 0 0 0 10 0 0 0 10 0 0 0 10 0 0 0 10 0 0 0 10 0 0 0 10 0 0 0 10 0 0 0 10 0 0 0 10 0 0 0 10 0 0 0 10 0 0 0 10 0 0 0 10 0 0 0 10 0 0 0 10 0 0 0 10 0 0 0 10 0 0 0 10 0 0 0 10 0 0 0 10 0 0 0 10 0 0 0 10 0 0 0 14 0 0 0 14 0 0 0 14 0 0 0 14 0 0 0 14 0 0 0 14 0 0 0 14 0 0 0 14 0 0 0 14 0 0 0 14 0 0 0 14 0 0 0 14 0 0 0 14 0 0 0 14 0 0 0 14 0 0 0 14 0 0 0 14 0 0 0 14 0 0 0 14 0 0 0 14 0 0 0 14 0 0 0 14 0 0 0 14 0 0 0 14 0 0 0 14 0 0 0 14 0 0 0 14 0 0 0 14 0 0 0 14 0 0 0 14 0 0 0 14 0 0 0 14 0 0 0 14 0 0 0 11 0 0 0 11 0 0 0 11 0 0 0 14 0 0 0 11 0 0 0 14 0 0 0 14 0 0 0 14 0 0 0 14 0 0 0 14 0 0 0 14 0 0 0 14 0 0 0 14 0 0 0 14 0 0 0 14 0 0 0 14 0 0 0 14 0 0 0 14 0 0 0 14 0 0 0 14 0 0 0 14 0 0 0 14 0 0 0 14 0 0 0 14 0 0 0 14 0 0 0 14 0 0 0 14 0 0 0 14 0 0 0 14 0 0 0 14 0 0 0 14 0 0 0 11 0 0 0 11 0 0 0 14 0 0 0 11 0 0 0 14 0 0 0 14 0 0 0 14 0 0 0 14 0 0 0 14 0 0 0 14 0 0 0 14 0 0 0 14 0 0 0 14 0 0 0 11 0 0 0 14 0 0 0 14 0 0 0 14 0 0 0 14 0 0 0 14 0 0 0 14 0 0 0 14 0 0 0 14 0 0 0 14 0 0 0 14 0 0 0 14 0 0 0 14 0 0 0 14 0 0 0 14 0 0 0 14 0 0 0 14 0 0 0 14 0 0 0 14 0 0 0 14 0 0 0 14 0 0 0 14 0 0 0 14 0 0 0 11 0 0 0 14 0 0 0 11 0 0 0 11 0 0 0 14 0 0 0 14 0 0 0 14 0 0 0 14 0 0 0 14 0 0 0 14 0 0 0 14 0 0 0 14 0 0 0 14 0 0 0 14 0 0 0 14 0 0 0 14 0 0 0 14 0 0 0 14 0 0 0 14 0 0 0 14 0 0 0 14 0 0 0 14 0 0 0 14 0 0 0 14 0 0 0 14 0 0 0 14 0 0 0 14 0 0 0 14 0 0 0 14 0 0 0 14 0 0 0 14 0 0 0 14 0 0 0 14 0 0 0 14 0 0 0 14 0 0 0 14 0 0 0 14 0 0 0 14 0 0 0 14 0 0 0 14 0 0 0 14 0 0 0 14 0 0 0 14 0 0 0 14 0 0 0 14 0 0 0 14 0 0 0 14 0 0 0 14 0 0 0 14 0 0 0 14 0 0 0 14 0 0 0 14 0 0 0 14 0 0 0 14 0 0 0 14 0 0 0 14 0 0 0 14 0 0 0 14 0 0 0 14 0 0 0 14 0 0 0 14 0 0 0 14 0 0 0 14 0 0 0 14 0 0 0 14 0 0 0 14 0 0 0 14 0 0 0 14 0 0 0 1 2 0 0 1 2 0 0 1 2 0 0 2 1 0 0 1 2 0 0 2 1 0 0 2 1 0 0 1 2 0 0 1 2 0 0 1 2 0 0 1 2 0 0 1 2 0 0 1 2 0 0 1 2 0 0 1 2 0 0 1 2 0 0 1 2 0 0 1 2 0 0 1 2 0 0 1 2 0 0 1 2 0 0 1 2 0 0 1 2 0 0 1 2 0 0 1 2 0 0 2 1 0 0 1 2 0 0 1 2 0 0 1 2 0 0 1 2 0 0 1 2 0 0 1 2 0 0 3 12 0 0 12 3 0 0 12 3 0 0 3 12 0 0 12 3 0 0 3 12 0 0 12 3 0 0 3 12 0 0 12 3 0 0 3 12 0 0 12 3 0 0 3 12 0 0 12 3 0 0 3 12 0 0 12 3 0 0 3 12 0 0 3 12 11 0 3 0 0 0 3 12 0 0 3 12 0 0 3 12 0 0 3 12 0 0 3 12 0 0 3 12 0 0 3 12 0 0 3 12 0 0 3 12 0 0 3 12 0 0 12 3 0 0 3 12 0 0 3 12 0 0 12 3 0 0 7 10 0 0 10 7 0 0 7 0 0 0 7 0 0 0 7 0 0 0 7 0 0 0 7 0 0 0 7 0 0 0 10 7 0 0 7 0 0 0 7 0 0 0 7 0 0 0 10 7 0 0 7 0 0 0 7 0 0 0 7 0 0 0 7 0 0 0 7 0 0 0 7 10 0 0 7 10 0 0 7 0 0 0 7 0 0 0 7 0 0 0 7 0 0 0 7 0 0 0 7 0 0 0 7 0 0 0 7 0 0 0 7 0 0 0 12 3 0 0 12 3 0 0 12 3 0 0 12 3 0 0 3 12 0 0 12 11 0 0 12 0 0 0 12 3 0 0 3 12 0 0 12 11 0 0 12 3 0 0 3 12 0 0 12 11 0 0 12 11 0 0 11 12 0 0 12 11 0 0 11 12 0 0 12 11 0 0 11 12 0 0 11 12 0 0 11 0 0 0 12 3 0 0 3 12 0 0 12 11 0 0 12 3 0 0 3 12 0 0 12 11 0 0 12 11 3 0 11 12 0 0 11 12 0 0 11 0 0 0 11 0 0 0 11 0 0 0 11 0 0 0 11 0 0 0 11 0 0 0 11 0 0 0 11 11 0 0 11 0 0 0 11 11 0 0 11 0 0 0 11 0 0 0 11 11 0 0 11 12 0 0 11 0 0 0 11 11 0 0 11 0 0 0 11 12 0 0 11 0 0 0 11 0 0 0 11 12 0 0 11 0 0 0 12 11 0 0 11 0 0 0 11 0 0 0 11 0 0 0 11 12 0 0 11 12 0 0 12 3 0 0 11 0 0 0 11 0 0 0 11 0 0 0 12 11 0 0 11 12 0 0 11 12 0 0 11 12 0 0 12 11 0 0 12 3 0 0 11 12 0 0 11 0 0 0 11 12 0 0 12 3 0 0 12 11 0 0 11 12 0 0 12 3 0 0 3 12 11 0 12 3 0 0 11 12 0 0 12 3 0 0 12 3 0 0 12 0 0 0 12 11 0 0 12 3 0 0 12 3 0 0 12 0 0 0 12 3 0 0 12 3 0 0 12 11 0 0 12 0 0 0 12 3 0 0 12 3 0 0 12 0 0 0 12 3 0 0 12 3 0 0 12 3 0 0 12 0 0 0 12 3 0 0 12 3 0 0 12 3 0 0 12 11 0 0 12 0 0 0 12 11 0 0 12 11 0 0 12 11 0 0 12 11 0 0 11 12 0 0 12 11 0 0 11 12 0 0 11 12 0 0 11 12 0 0 11 12 0 0 11 12 0 0 11 0 0 0 11 12 0 0 11 12 0 0 11 12 0 0 11 0 0 0 11 0 0 0 11 0 0 0 14 11 0 0 11 12 0 0 11 12 0 0 11 0 0 0 11 0 0 0 11 0 0 0 11 12 0 0 11 0 0 0 11 0 0 0 11 0 0 0 11 0 0 0 11 0 0 0 11 0 0 0 11 0 0 0 11 0 0 0 11 12 0 0 11 0 0 0 11 0 0 0 11 0 0 0 11 0 0 0 11 0 0 0 11 0 0 0 11 0 0 0 11 0 0 0 11 0 0 0 11 0 0 0 11 0 0 0 11 0 0 0 11 0 0 0 11 0 0 0 11 0 0 0 7 0 0 0 7 0 0 0 7 0 0 0 7 0 0 0 7 0 0 0 7 0 0 0 7 0 0 0 7 0 0 0 7 0 0 0 7 0 0 0 7 0 0 0 7 0 0 0 7 0 0 0 7 0 0 0 7 0 0 0 11 0 0 0 11 0 0 0 11 0 0 0 11 0 0 0 11 0 0 0 11 0 0 0 11 0 0 0 11 0 0 0 11 0 0 0 11 0 0 0 7 0 0 0 7 0 0 0 7 0 0 0 7 0 0 0 7 0 0 0 7 0 0 0 7 0 0 0 7 0 0 0 7 0 0 0 7 0 0 0  
					<BoneWeights>: 890 0.8000001 0.1999999 0 0 0.8000001 0.1999999 0 0 0.7 0.3 0 0 0.7305892 0.2694109 0 0 0.6500001 0.3499999 0 0 0.9114264 0.0885736 0 0 1 0 0 0 0.7 0.3 0 0 0.6500001 0.3499999 0 0 1 0 0 0 0.7 0.3 0 0 0.5999999 0.4000001 0 0 0.5535678 0.4464322 0 0 0.7500001 0.2499999 0 0 0.5 0.5 0 0 0.7500001 0.2499999 0 0 0.5 0.5 0 0 0.5474518 0.4525482 0 0 0.7500001 0.2499999 0 0 0.5524604 0.4475396 0 0 1 0 0 0 0.7 0.3 0 0 0.5000001 0.4999999 0 0 1 0 0 0 0.7 0.3 0 0 0.8000001 0.1999999 0 0 0.7500001 0.2499999 0 0 0.9 0.1 0 0 0.65 0.35 0 0 0.8000001 0.1999999 0 0 0.9 0.1 0 0 0.7500001 0.2499999 0 0 0.5 0.5 0 0 0.7 0.3 0 0 0.9 0.1 0 0 0.8 0.2 0 0 0.8 0.2 0 0 0.8 0.2 0 0 0.8 0.2 0 0 0.8 0.2 0 0 0.8 0.2 0 0 0.8 0.2 0 0 0.7000002 0.2999999 0 0 0.85 0.15 0 0 0.8000001 0.1999999 0 0 0.8000001 0.1999999 0 0 0.8000001 0.1999999 0 0 0.8000001 0.1999999 0 0 0.7 0.3 0 0 1 0 0 0 0.8197389 0.1802612 0 0 1 0 0 0 1 0 0 0 1 0 0 0 0.5526702 0.4473298 0 0 0.7500001 0.2499999 0 0 0.7500001 0.2499999 0 0 0.5483803 0.4516197 0 0 0.5 0.5 0 0 0.7500001 0.2499999 0 0 0.5518003 0.4481997 0 0 0.7500001 0.2499999 0 0 0.5 0.5 0 0 0.8224857 0.1775143 0 0 1 0 0 0 0.7500001 0.2499999 0 0 1 0 0 0 1 0 0 0 1 0 0 0 0.5272149 0.472785 0 0 1 0 0 0 1 0 0 0 1 0 0 0 0.7500001 0.2499999 0 0 0.5 0.5 0 0 1 0 0 0 1 0 0 0 1 0 0 0 0.5 0.5 0 0 1 0 0 0 1 0 0 0 1 0 0 0 0.5 0.5 0 0 0.5 0.5 0 0 1 0 0 0 1 0 0 0 0.5 0.5 0 0 0.7500001 0.2499999 0 0 1 0 0 0 1 0 0 0 1 0 0 0 0.7500001 0.2499999 0 0 1 0 0 0 1 0 0 0 1 0 0 0 0.5 0.5 0 0 1 0 0 0 0.7500001 0.2499999 0 0 1 0 0 0 1 0 0 0 0.7500001 0.2499999 0 0 0.7500001 0.2499999 0 0 0.7500001 0.2499999 0 0 0.5 0.5 0 0 0.7500001 0.2499999 0 0 0.7500001 0.2499999 0 0 0.5 0.5 0 0 1 0 0 0 0.5 0.5 0 0 0.7500001 0.2499999 0 0 1 0 0 0 0.5 0.5 0 0 0.7500001 0.2499999 0 0 0.7500001 0.2499999 0 0 1 0 0 0 0.5 0.5 0 0 1 0 0 0 1 0 0 0 0.5 0.5 0 0 0.7500001 0.2499999 0 0 1 0 0 0 1 0 0 0 0.5 0.5 0 0 0.7500001 0.2499999 0 0 1 0 0 0 1 0 0 0 0.5 0.5 0 0 0.9196228 0.08037718 0 0 1 0 0 0 1 0 0 0 1 0 0 0 1 0 0 0 1 0 0 0 1 0 0 0 1 0 0 0 1 0 0 0 1 0 0 0 0.5272149 0.472785 0 0 0.7646344 0.2353657 0 0 1 0 0 0 1 0 0 0 1 0 0 0 1 0 0 0 1 0 0 0 1 0 0 0 1 0 0 0 1 0 0 0 1 0 0 0 1 0 0 0 1 0 0 0 1 0 0 0 0.5 0.5 0 0 0.5 0.5 0 0 0.5 0.5 0 0 0.5 0.5 0 0 0.5 0.5 0 0 0.5 0.5 0 0 0.5 0.5 0 0 0.5 0.5 0 0 1 0 0 0 1 0 0 0 1 0 0 0 0.7677257 0.2322743 0 0 1 0 0 0 1 0 0 0 0.5272148 0.4727852 0 0 1 0 0 0 1 0 0 0 0.7646342 0.2353658 0 0 1 0 0 0 1 0 0 0 1 0 0 0 1 0 0 0 1 0 0 0 1 0 0 0 1 0 0 0 1 0 0 0 1 0 0 0 1 0 0 0 1 0 0 0 1 0 0 0 0.5 0.5 0 0 0.5 0.5 0 0 0.5 0.5 0 0 0.5 0.5 0 0 0.5 0.5 0 0 0.5 0.5 0 0 0.5 0.5 0 0 0.5 0.5 0 0 1 0 0 0 1 0 0 0 1 0 0 0 0.7677256 0.2322744 0 0 1 0 0 0 1 0 0 0 1 0 0 0 1 0 0 0 1 0 0 0 1 0 0 0 1 0 0 0 1 0 0 0 1 0 0 0 1 0 0 0 0.7646342 0.2353658 0 0 1 0 0 0 1 0 0 0 1 0 0 0 1 0 0 0 1 0 0 0 1 0 0 0 0.7677256 0.2322744 0 0 1 0 0 0 1 0 0 0 1 0 0 0 1 0 0 0 1 0 0 0 1 0 0 0 0.5 0.5 0 0 0.5 0.5 0 0 1 0 0 0 1 0 0 0 0.5 0.5 0 0 1 0 0 0 1 0 0 0 1 0 0 0 1 0 0 0 1 0 0 0 1 0 0 0 1 0 0 0 1 0 0 0 1 0 0 0 1 0 0 0 1 0 0 0 1 0 0 0 1 0 0 0 1 0 0 0 1 0 0 0 1 0 0 0 1 0 0 0 1 0 0 0 0.5 0.5 0 0 1 0 0 0 0.5 0.5 0 0 1 0 0 0 1 0 0 0 1 0 0 0 1 0 0 0 1 0 0 0 1 0 0 0 1 0 0 0 1 0 0 0 1 0 0 0 1 0 0 0 1 0 0 0 1 0 0 0 1 0 0 0 1 0 0 0 1 0 0 0 0.5 0.5 0 0 1 0 0 0 1 0 0 0 0.5 0.5 0 0 1 0 0 0 1 0 0 0 0.5039429 0.4960571 0 0 0.5 0.5 0 0 0.5 0.5 0 0 1 0 0 0 1 0 0 0 1 0 0 0 1 0 0 0 1 0 0 0 1 0 0 0 1 0 0 0 1 0 0 0 1 0 0 0 1 0 0 0 1 0 0 0 1 0 0 0 1 0 0 0 1 0 0 0 1 0 0 0 1 0 0 0 1 0 0 0 1 0 0 0 1 0 0 0 1 0 0 0 1 0 0 0 1 0 0 0 1 0 0 0 1 0 0 0 1 0 0 0 1 0 0 0 1 0 0 0 1 0 0 0 1 0 0 0 1 0 0 0 1 0 0 0 1 0 0 0 1 0 0 0 1 0 0 0 1 0 0 0 1 0 0 0 1 0 0 0 1 0 0 0 1 0 0 0 1 0 0 0 1 0 0 0 1 0 0 0 1 0 0 0 1 0 0 0 1 0 0 0 1 0 0 0 1 0 0 0 1 0 0 0 1 0 0 0 1 0 0 0 1 0 0 0 1 0 0 0 1 0 0 0 1 0 0 0 1 0 0 0 1 0 0 0 1 0 0 0 1 0 0 0 1 0 0 0 1 0 0 0 1 0 0 0 1 0 0 0 1 0 0 0 1 0 0 0 1 0 0 0 1 0 0 0 1 0 0 0 1 0 0 0 1 0 0 0 1 0 0 0 1 0 0 0 1 0 0 0 1 0 0 0 1 0 0 0 1 0 0 0 1 0 0 0 1 0 0 0 1 0 0 0 1 0 0 0 1 0 0 0 1 0 0 0 1 0 0 0 1 0 0 0 1 0 0 0 1 0 0 0 1 0 0 0 1 0 0 0 1 0 0 0 1 0 0 0 1 0 0 0 1 0 0 0 1 0 0 0 1 0 0 0 1 0 0 0 1 0 0 0 1 0 0 0 1 0 0 0 1 0 0 0 1 0 0 0 1 0 0 0 1 0 0 0 1 0 0 0 1 0 0 0 1 0 0 0 1 0 0 0 1 0 0 0 1 0 0 0 1 0 0 0 1 0 0 0 1 0 0 0 1 0 0 0 1 0 0 0 1 0 0 0 1 0 0 0 1 0 0 0 1 0 0 0 1 0 0 0 1 0 0 0 1 0 0 0 1 0 0 0 1 0 0 0 1 0 0 0 1 0 0 0 1 0 0 0 1 0 0 0 1 0 0 0 1 0 0 0 1 0 0 0 1 0 0 0 1 0 0 0 1 0 0 0 1 0 0 0 1 0 0 0 1 0 0 0 1 0 0 0 1 0 0 0 1 0 0 0 1 0 0 0 1 0 0 0 1 0 0 0 1 0 0 0 1 0 0 0 1 0 0 0 1 0 0 0 1 0 0 0 1 0 0 0 1 0 0 0 1 0 0 0 1 0 0 0 1 0 0 0 1 0 0 0 1 0 0 0 1 0 0 0 1 0 0 0 1 0 0 0 1 0 0 0 1 0 0 0 1 0 0 0 1 0 0 0 1 0 0 0 1 0 0 0 1 0 0 0 1 0 0 0 1 0 0 0 1 0 0 0 1 0 0 0 1 0 0 0 1 0 0 0 1 0 0 0 1 0 0 0 1 0 0 0 1 0 0 0 1 0 0 0 1 0 0 0 1 0 0 0 1 0 0 0 1 0 0 0 1 0 0 0 1 0 0 0 1 0 0 0 1 0 0 0 1 0 0 0 1 0 0 0 1 0 0 0 1 0 0 0 1 0 0 0 1 0 0 0 1 0 0 0 1 0 0 0 1 0 0 0 1 0 0 0 1 0 0 0 1 0 0 0 1 0 0 0 1 0 0 0 1 0 0 0 1 0 0 0 1 0 0 0 1 0 0 0 1 0 0 0 1 0 0 0 1 0 0 0 1 0 0 0 1 0 0 0 1 0 0 0 1 0 0 0 1 0 0 0 1 0 0 0 1 0 0 0 1 0 0 0 1 0 0 0 1 0 0 0 1 0 0 0 1 0 0 0 1 0 0 0 1 0 0 0 1 0 0 0 1 0 0 0 1 0 0 0 1 0 0 0 1 0 0 0 1 0 0 0 1 0 0 0 1 0 0 0 1 0 0 0 1 0 0 0 1 0 0 0 1 0 0 0 1 0 0 0 1 0 0 0 1 0 0 0 1 0 0 0 1 0 0 0 1 0 0 0 1 0 0 0 1 0 0 0 1 0 0 0 1 0 0 0 1 0 0 0 1 0 0 0 1 0 0 0 1 0 0 0 1 0 0 0 1 0 0 0 1 0 0 0 1 0 0 0 1 0 0 0 1 0 0 0 1 0 0 0 1 0 0 0 1 0 0 0 1 0 0 0 1 0 0 0 1 0 0 0 1 0 0 0 1 0 0 0 1 0 0 0 1 0 0 0 1 0 0 0 1 0 0 0 1 0 0 0 1 0 0 0 1 0 0 0 1 0 0 0 1 0 0 0 1 0 0 0 1 0 0 0 1 0 0 0 1 0 0 0 1 0 0 0 1 0 0 0 1 0 0 0 1 0 0 0 1 0 0 0 1 0 0 0 1 0 0 0 1 0 0 0 1 0 0 0 1 0 0 0 1 0 0 0 1 0 0 0 1 0 0 0 1 0 0 0 1 0 0 0 1 0 0 0 1 0 0 0 1 0 0 0 1 0 0 0 1 0 0 0 1 0 0 0 1 0 0 0 1 0 0 0 1 0 0 0 1 0 0 0 1 0 0 0 1 0 0 0 1 0 0 0 1 0 0 0 1 0 0 0 1 0 0 0 1 0 0 0 1 0 0 0 1 0 0 0 1 0 0 0 1 0 0 0 1 0 0 0 1 0 0 0 1 0 0 0 1 0 0 0 1 0 0 0 1 0 0 0 1 0 0 0 1 0 0 0 1 0 0 0 1 0 0 0 1 0 0 0 1 0 0 0 1 0 0 0 1 0 0 0 1 0 0 0 1 0 0 0 1 0 0 0 1 0 0 0 1 0 0 0 1 0 0 0 1 0 0 0 1 0 0 0 1 0 0 0 1 0 0 0 1 0 0 0 1 0 0 0 1 0 0 0 1 0 0 0 1 0 0 0 1 0 0 0 1 0 0 0 1 0 0 0 1 0 0 0 1 0 0 0 1 0 0 0 1 0 0 0 1 0 0 0 1 0 0 0 1 0 0 0 1 0 0 0 0.8000001 0.1999999 0 0 0.7 0.3 0 0 0.7 0.3 0 0 0.8 0.2 0 0 0.7 0.3 0 0 0.8 0.2 0 0 0.8 0.2 0 0 0.7 0.3 0 0 0.7000002 0.2999999 0 0 0.7 0.3 0 0 0.8000001 0.1999999 0 0 0.7 0.3 0 0 0.7620649 0.2379351 0 0 0.8000001 0.1999999 0 0 0.7 0.3 0 0 0.8000001 0.1999999 0 0 0.7 0.3 0 0 0.76188 0.23812 0 0 0.8000001 0.1999999 0 0 0.8000001 0.1999999 0 0 0.7 0.3 0 0 0.6500001 0.3499999 0 0 0.7 0.3 0 0 0.6500001 0.3499999 0 0 0.7 0.3 0 0 0.5999999 0.4000001 0 0 0.7 0.3 0 0 0.5000001 0.4999999 0 0 0.8000001 0.1999999 0 0 0.7 0.3 0 0 0.8000001 0.1999999 0 0 0.7 0.3 0 0 0.9 0.09999996 0 0 0.7 0.3 0 0 0.7 0.3 0 0 0.8 0.2 0 0 0.65 0.35 0 0 0.7 0.3 0 0 0.5000001 0.4999999 0 0 0.7 0.3 0 0 0.55 0.45 0 0 0.7 0.3 0 0 0.55 0.45 0 0 0.7 0.3 0 0 0.55 0.45 0 0 0.7 0.3 0 0 0.7 0.3 0 0 0.9 0.09999996 0 0 0.4000001 0.3999999 0.2 0 1 0 0 0 0.5000001 0.4999999 0 0 0.8 0.2 0 0 0.7 0.3 0 0 0.5500001 0.4499999 0 0 0.5500001 0.4499999 0 0 0.7 0.3 0 0 0.5000001 0.4999999 0 0 0.7 0.3 0 0 0.7 0.3 0 0 0.5000001 0.4999999 0 0 0.55 0.45 0 0 0.7 0.3 0 0 0.7 0.3 0 0 0.55 0.45 0 0 0.7348435 0.2651565 0 0 0.7646344 0.2353657 0 0 1 0 0 0 1 0 0 0 1 0 0 0 1 0 0 0 1 0 0 0 1 0 0 0 0.5173815 0.4826185 0 0 1 0 0 0 1 0 0 0 1 0 0 0 0.5088943 0.4911057 0 0 1 0 0 0 1 0 0 0 1 0 0 0 1 0 0 0 1 0 0 0 0.7677257 0.2322743 0 0 0.7348435 0.2651565 0 0 1 0 0 0 1 0 0 0 1 0 0 0 1 0 0 0 1 0 0 0 1 0 0 0 1 0 0 0 1 0 0 0 1 0 0 0 0.8 0.2 0 0 0.55 0.45 0 0 0.55 0.45 0 0 0.8070759 0.1929241 0 0 0.5000001 0.4999999 0 0 0.9449857 0.05501434 0 0 1 0 0 0 0.85 0.15 0 0 0.5000001 0.4999999 0 0 0.9 0.1 0 0 0.8 0.2 0 0 0.5500001 0.4499999 0 0 0.6339195 0.3660805 0 0 0.7500001 0.2499999 0 0 0.5 0.5 0 0 0.7500001 0.2499999 0 0 0.5 0.5 0 0 0.6186295 0.3813705 0 0 0.7500001 0.2499999 0 0 0.631151 0.368849 0 0 1 0 0 0 0.7 0.3 0 0 0.5500001 0.4499999 0 0 0.9 0.1 0 0 0.7 0.3 0 0 0.5000001 0.4999999 0 0 0.7500001 0.2499999 0 0 0.855 0.1 0.045 0 0.9497643 0.05023569 0 0 0.7500001 0.2499999 0 0 1 0 0 0 1 0 0 0 1 0 0 0 1 0 0 0 1 0 0 0 1 0 0 0 1 0 0 0 0.5 0.5 0 0 1 0 0 0 0.5 0.5 0 0 1 0 0 0 1 0 0 0 0.5 0.5 0 0 0.7500001 0.2499999 0 0 1 0 0 0 0.5 0.5 0 0 1 0 0 0 0.5 0.5 0 0 1 0 0 0 1 0 0 0 0.7500001 0.2499999 0 0 1 0 0 0 0.7500001 0.2499999 0 0 1 0 0 0 1 0 0 0 1 0 0 0 0.7500001 0.2499999 0 0 0.5 0.5 0 0 0.95 0.05 0 0 1 0 0 0 1 0 0 0 1 0 0 0 0.7500001 0.2499999 0 0 0.5 0.5 0 0 0.7500001 0.2499999 0 0 0.5 0.5 0 0 0.7500001 0.2499999 0 0 0.95 0.05 0 0 0.7500001 0.2499999 0 0 1 0 0 0 0.5 0.5 0 0 0.7 0.3 0 0 0.7500001 0.2499999 0 0 0.7500001 0.2499999 0 0 0.7 0.3 0 0 0.4000001 0.3999999 0.2 0 0.95 0.05 0 0 0.5 0.5 0 0 0.75 0.25 0 0 0.7 0.3 0 0 1 0 0 0 0.7500001 0.2499999 0 0 0.75 0.25 0 0 0.7 0.3 0 0 1 0 0 0 0.8 0.2 0 0 0.65 0.35 0 0 0.7500001 0.2499999 0 0 1 0 0 0 0.8 0.2 0 0 0.5000001 0.4999999 0 0 1 0 0 0 0.85 0.15 0 0 0.55 0.45 0 0 0.55 0.45 0 0 1 0 0 0 0.8 0.2 0 0 0.55 0.45 0 0 0.8 0.2 0 0 0.8872518 0.1127482 0 0 1 0 0 0 0.7500001 0.2499999 0 0 0.6316756 0.3683244 0 0 0.7500001 0.2499999 0 0 0.6209506 0.3790493 0 0 0.5 0.5 0 0 0.7500001 0.2499999 0 0 0.6295007 0.3704993 0 0 0.7500001 0.2499999 0 0 0.5 0.5 0 0 0.5 0.5 0 0 0.8890536 0.1109464 0 0 1 0 0 0 0.5 0.5 0 0 0.5 0.5 0 0 0.7500001 0.2499999 0 0 1 0 0 0 1 0 0 0 1 0 0 0 0.5272148 0.4727852 0 0 0.5 0.5 0 0 0.7500001 0.2499999 0 0 1 0 0 0 1 0 0 0 1 0 0 0 0.5 0.5 0 0 1 0 0 0 1 0 0 0 1 0 0 0 1 0 0 0 1 0 0 0 1 0 0 0 1 0 0 0 1 0 0 0 0.7500001 0.2499999 0 0 1 0 0 0 1 0 0 0 1 0 0 0 1 0 0 0 1 0 0 0 1 0 0 0 1 0 0 0 1 0 0 0 1 0 0 0 1 0 0 0 1 0 0 0 1 0 0 0 1 0 0 0 1 0 0 0 1 0 0 0 1 0 0 0 1 0 0 0 1 0 0 0 1 0 0 0 1 0 0 0 1 0 0 0 1 0 0 0 1 0 0 0 1 0 0 0 1 0 0 0 1 0 0 0 1 0 0 0 1 0 0 0 1 0 0 0 1 0 0 0 1 0 0 0 1 0 0 0 1 0 0 0 1 0 0 0 1 0 0 0 1 0 0 0 1 0 0 0 1 0 0 0 1 0 0 0 1 0 0 0 1 0 0 0 1 0 0 0 1 0 0 0 1 0 0 0 1 0 0 0 1 0 0 0 1 0 0 0 1 0 0 0 1 0 0 0 1 0 0 0  
				</SkinningInfo>
				<Mesh>: 890 Character001
					<Bounds>: -5.960464E-08 0.01561879 0.9147225 0.5946003 0.08275834 0.2456543
