<Hierarchy>:
	<Frame>: 0 0 Character_Cap_1st_View
		<Transform>: 0 0 0 0 0 0 1 1 1 0 0 0 1  
		<TransformMatrix>: 1 0 0 0 0 1 0 0 0 0 1 0 0 0 0 1  
		<Children>: 2
			<Frame>: 1 0 Bip004
				<Transform>: 0 0.6346181 -0.005118704 270 89.99989 0 0.9999999 0.9999999 1 -0.5000005 0.4999995 0.4999996 0.5000005  
				<TransformMatrix>: 1.966953E-06 0 -0.9999999 0 -0.9999999 -2.384186E-07 -1.996755E-06 0 -1.192093E-07 1 0 0 0 0.6346181 -0.005118704 1  
				<Children>: 2
					<Frame>: 2 0 Bip004_Footsteps
						<Transform>: 1.490116E-08 1.48545E-07 -0.6336114 1.343253E-05 -1.358332E-06 270.0001 1 1 1 9.126962E-08 7.450581E-08 -0.7071061 0.7071075  
						<TransformMatrix>: 2.086163E-06 -0.9999999 -2.344418E-07 0 0.9999999 2.086163E-06 2.370784E-08 0 -2.370737E-08 -2.344419E-07 1 0 1.490116E-08 1.48545E-07 -0.6336114 1  
						<Children>: 0
					</Frame>
					<Frame>: 3 0 Bip004_Pelvis
						<Transform>: 0 0 0 270 89.99993 0 1 0.9999999 0.9999999 -0.5 0.5 0.4999993 0.5000007  
						<TransformMatrix>: 1.311302E-06 0 -1 0 -0.9999999 1.311302E-06 -1.311302E-06 0 1.311302E-06 0.9999999 0 0 0 0 0 1  
						<Children>: 1
							<Frame>: 4 0 Bip004_Spine
								<Transform>: -0.07257122 -8.525133E-05 1.007599E-07 -0.0002383455 7.647961E-05 1.07382 1 0.9999999 0.9999999 -2.073612E-06 6.868719E-07 0.009370707 0.9999561  
								<TransformMatrix>: 0.9998244 0.01874059 -1.412546E-06 0 -0.01874059 0.9998243 -4.134168E-06 0 1.334821E-06 4.159914E-06 0.9999999 0 -0.07257122 -8.525133E-05 1.007599E-07 1  
								<Children>: 3
									<Frame>: 5 0 Bip004_L_Thigh
										<Transform>: 0.07256004 -0.001275039 0.09937456 2.374407 178.8648 351.596 0.9999999 1 1 -0.07304885 0.997064 -0.0213881 0.00835913  
										<TransformMatrix>: -0.9891881 -0.1460263 -0.01354442 0 -0.1453112 0.988413 -0.04387186 0 0.01979393 -0.04142936 -0.9989456 0 0.07256004 -0.001275039 0.09937456 1  
										<Children>: 1
											<Frame>: 6 0 Bip004_L_Calf
												<Transform>: -0.2487985 0 9.536743E-09 1.416142E-07 -4.040916E-07 14.84589 1 0.9999999 1 7.698797E-10 -3.65647E-09 0.1291927 0.9916195  
												<TransformMatrix>: 0.9666185 0.25622 7.450581E-09 0 -0.25622 0.9666184 5.820767E-10 0 -7.052729E-09 -2.471634E-09 1 0 -0.2487985 0 9.536743E-09 1  
												<Children>: 1
													<Frame>: 7 0 Bip004_L_Foot
														<Transform>: -0.2435702 1.788139E-09 -9.536743E-09 357.7684 1.395428 352.5812 1 1 1 -0.02021884 0.01088954 -0.06444195 0.9976572  
														<TransformMatrix>: 0.9914573 -0.1290223 -0.01912218 0 0.1281416 0.9908769 -0.04174642 0 0.02433395 0.03893945 0.9989454 0 -0.2435702 1.788139E-09 -9.536743E-09 1  
														<Children>: 1
															<Frame>: 8 0 Bip004_L_Toe0
																<Transform>: -0.1457944 0.2430619 0 -1.355441E-05 -2.396734E-05 280 1 1 1 4.383074E-08 -2.362535E-07 -0.6427876 0.7660444  
																<TransformMatrix>: 0.1736481 -0.9848078 3.056136E-07 0 0.9848078 0.1736481 3.708742E-07 0 -4.18309E-07 2.36569E-07 1 0 -0.1457944 0.2430619 0 1  
																<Children>: 1
																	<Frame>: 9 0 Bip004_L_Toe0Nub
																		<Transform>: -0.009466019 0 0 -1.321203E-27 1.078844E-11 180 -1 -1 -1 9.414691E-14 5.764836E-30 1 -6.123234E-17  
																		<TransformMatrix>: 1 1.224647E-16 -1.882938E-13 0 -1.224647E-16 1 7.523164E-37 0 -1.882938E-13 -2.305934E-29 -1 0 -0.009466019 0 0 1  
																		<Children>: 0
																	</Frame>
															</Frame>
													</Frame>
											</Frame>
									</Frame>
									<Frame>: 10 0 Bip004_R_Thigh
										<Transform>: 0.07256 -0.001274488 -0.09937456 357.6253 181.1351 351.5967 1 1 1 -0.07304313 0.9970644 0.0213907 -0.008358661  
										<TransformMatrix>: -0.98919 -0.146015 0.01354336 0 -0.1452998 0.9884143 0.0438769 0 -0.01979313 0.04143473 -0.9989452 0 0.07256 -0.001274488 -0.09937456 1  
										<Children>: 1
											<Frame>: 11 0 Bip004_R_Calf
												<Transform>: -0.2487985 0 0 2.305596E-07 1.715119E-07 14.84392 0.9999999 1 1 2.188495E-09 1.22428E-09 0.1291757 0.9916217  
												<TransformMatrix>: 0.9666272 0.2561868 -1.862645E-09 0 -0.2561868 0.9666273 4.656613E-09 0 2.993447E-09 -4.024024E-09 1 0 -0.2487985 0 0 1  
												<Children>: 1
													<Frame>: 12 0 Bip004_R_Foot
														<Transform>: -0.2435702 5.960464E-09 -9.536743E-09 2.231656 358.6048 352.5826 0.9999999 0.9999999 0.9999999 0.02021882 -0.01088805 -0.06443057 0.997658  
														<TransformMatrix>: 0.9914603 -0.1289996 0.01911967 0 0.1281191 0.9908797 0.04174598 0 -0.02433051 -0.03893989 0.9989452 0 -0.2435702 5.960464E-09 -9.536743E-09 1  
														<Children>: 1
															<Frame>: 13 0 Bip004_R_Toe0
																<Transform>: -0.1457944 0.2430618 0 -1.479538E-05 -5.1254E-05 280 1 1 1 1.885961E-07 -4.256258E-07 -0.6427876 0.7660444  
																<TransformMatrix>: 0.1736481 -0.9848079 4.096422E-07 0 0.9848079 0.1736481 8.361201E-07 0 -8.94551E-07 2.58228E-07 1 0 -0.1457944 0.2430618 0 1  
																<Children>: 1
																	<Frame>: 14 0 Bip004_R_Toe0Nub
																		<Transform>: -0.009466019 0 -9.536743E-09 -3.256888E-12 -5.292443E-12 8.537737E-07 1 1 1 -2.842171E-14 -4.618528E-14 7.450581E-09 1  
																		<TransformMatrix>: 1 1.490116E-08 9.237056E-14 0 -1.490116E-08 1 -5.684342E-14 0 -9.237056E-14 5.684342E-14 1 0 -0.009466019 0 -9.536743E-09 1  
																		<Children>: 0
																	</Frame>
															</Frame>
													</Frame>
											</Frame>
									</Frame>
									<Frame>: 15 0 Bip004_Spine1
										<Transform>: -0.107123 -8.528769E-05 -2.365505E-10 2.389786E-08 2.756668E-06 359.006 1 1 1 -1.18101E-13 2.405737E-08 -0.008673696 0.9999624  
										<TransformMatrix>: 0.9998496 -0.01734674 -4.811292E-08 0 0.01734674 0.9998496 -4.175688E-10 0 4.811293E-08 -4.170964E-10 1 0 -0.107123 -8.528769E-05 -2.365505E-10 1  
										<Children>: 1
											<Frame>: 16 0 Bip004_Spine2
												<Transform>: -0.1071239 -0.0001346469 -3.734567E-10 2.3916E-08 2.756663E-06 359.006 1 1 1 4.091168E-14 2.405733E-08 -0.008673679 0.9999624  
												<TransformMatrix>: 0.9998497 -0.01734671 -4.811286E-08 0 0.01734671 0.9998497 -4.172493E-10 0 4.811285E-08 -4.174129E-10 1 0 -0.1071239 -0.0001346469 -3.734567E-10 1  
												<Children>: 1
													<Frame>: 17 0 Bip004_Neck
														<Transform>: -0.238701 0.01924991 5.339158E-08 1.57741E-05 6.902663E-05 334.2554 1 1 1 8.860991E-14 6.178994E-07 -0.2227788 0.974869  
														<TransformMatrix>: 0.9007394 -0.4343604 -1.204742E-06 0 0.4343604 0.9007394 -2.753097E-07 0 1.204742E-06 -2.7531E-07 1 0 -0.238701 0.01924991 5.339158E-08 1  
														<Children>: 3
															<Frame>: 18 0 Bip004_Head
																<Transform>: -0.06798126 -0.0290464 -6.740083E-08 3.738279E-06 -3.426617E-05 12.45227 0.9999999 0.9999999 1 -3.011595E-13 -3.00803E-07 0.1084528 0.9941016  
																<TransformMatrix>: 0.9764758 0.2156263 5.980573E-07 0 -0.2156263 0.9764758 -6.524647E-08 0 -5.980575E-07 -6.524528E-08 1 0 -0.06798126 -0.0290464 -6.740083E-08 1  
																<Children>: 1
																	<Frame>: 19 0 Bip004_HeadNub
																		<Transform>: -0.3387215 -1.907349E-08 -7.275957E-14 4.885332E-12 -6.513776E-12 2.206953E-32 1 1 0.9999999 4.263256E-14 -5.684342E-14 2.423381E-27 1  
																		<TransformMatrix>: 1 3.85186E-34 1.136868E-13 0 -9.693523E-27 1 8.526513E-14 0 -1.136868E-13 -8.526512E-14 0.9999999 0 -0.3387215 -1.907349E-08 -7.275957E-14 1  
																		<Children>: 0
																	</Frame>
															</Frame>
															<Frame>: 20 0 Bip004_L_Clavicle
																<Transform>: 0.03719582 -0.003468094 0.09287037 25.80113 270.0149 141.0063 1 1 0.9999998 -0.5969561 -0.3788492 0.7025033 0.08127638  
																<TransformMatrix>: -0.2740753 0.5665066 -0.7771444 0 0.3381188 -0.6997349 -0.6293225 0 -0.90031 -0.4352487 0.0002334713 0 0.03719582 -0.003468094 0.09287037 1  
																<Children>: 1
																	<Frame>: 21 0 Bip004_L_UpperArm
																		<Transform>: -0.08203878 0 0 30.02559 298.3889 72.53597 1 1 1 -0.1132318 -0.5304284 0.5977139 0.5903916  
																		<TransformMatrix>: -0.2772326 0.8258934 0.4909607 0 -0.585648 0.2598332 -0.7677912 0 -0.7616816 -0.5003868 0.4116486 0 -0.08203878 0 0 1  
																		<Children>: 1
																			<Frame>: 22 0 Bip004_L_Forearm
																				<Transform>: -0.233183 0 3.814697E-08 -8.078399E-07 -1.56376E-06 48.64283 0.9999999 1 1 -1.204439E-08 -9.531785E-09 0.411855 0.9112494  
																				<TransformMatrix>: 0.6607509 0.7506051 7.45058E-09 0 -0.7506052 0.660751 -2.980232E-08 0 -2.729275E-08 1.409947E-08 1 0 -0.233183 0 3.814697E-08 1  
																				<Children>: 1
																					<Frame>: 23 0 Bip004_L_Hand
																						<Transform>: -0.1893204 7.629394E-08 0 289.9987 163.5748 213.3293 1 1 1 -0.8001898 0.1540039 0.05070288 0.5774152  
																						<TransformMatrix>: 0.9474241 -0.1879114 -0.2589922 0 -0.3050179 -0.2857491 -0.9084666 0 0.0967045 0.9397005 -0.3280418 0 -0.1893204 7.629394E-08 0 1  
																						<Children>: 0
																					</Frame>
																			</Frame>
																	</Frame>
															</Frame>
															<Frame>: 24 0 Bip004_R_Clavicle
																<Transform>: 0.03719589 -0.00346756 -0.09287038 334.1989 89.98499 141.0067 0.9999999 0.9999999 0.9999998 0.5969563 0.3788471 0.7025044 0.08127467  
																<TransformMatrix>: -0.2740751 0.5665019 0.7771474 0 0.3381187 -0.6997384 0.6293184 0 0.90031 0.4352486 0.0002360343 0 0.03719589 -0.00346756 -0.09287038 1  
																<Children>: 1
																	<Frame>: 25 0 Bip004_R_UpperArm
																		<Transform>: -0.0820388 -4.768371E-09 -7.629394E-08 329.9744 61.61113 72.53596 1 1 1 0.1132318 0.5304284 0.5977139 0.5903917  
																		<TransformMatrix>: -0.2772324 0.8258935 -0.4909607 0 -0.585648 0.2598334 0.7677913 0 0.7616815 0.5003867 0.4116485 0 -0.0820388 -4.768371E-09 -7.629394E-08 1  
																		<Children>: 1
																			<Frame>: 26 0 Bip004_R_Forearm
																				<Transform>: -0.2331831 -7.629394E-08 -3.814697E-08 -1.281694E-06 1.128264E-06 48.64283 0.9999999 0.9999999 0.9999999 -6.137117E-09 1.357868E-08 0.411855 0.9112494  
																				<TransformMatrix>: 0.6607509 0.750605 -2.980232E-08 0 -0.750605 0.6607509 0 0 1.969191E-08 2.236978E-08 0.9999999 0 -0.2331831 -7.629394E-08 -3.814697E-08 1  
																				<Children>: 1
																					<Frame>: 27 0 Bip004_R_Hand
																						<Transform>: -0.1893204 -7.629394E-08 0 70.00131 196.4252 213.3293 1 1 1 0.8001898 -0.1540039 0.05070288 0.5774152  
																						<TransformMatrix>: 0.9474241 -0.1879114 0.2589922 0 -0.3050179 -0.2857491 0.9084666 0 -0.0967045 -0.9397005 -0.3280418 0 -0.1893204 -7.629394E-08 0 1  
																						<Children>: 0
																					</Frame>
																			</Frame>
																	</Frame>
															</Frame>
													</Frame>
											</Frame>
									</Frame>
							</Frame>
					</Frame>
			</Frame>
			<Frame>: 28 0 Character003
				<Transform>: 0 -0.01573578 0 270 0 0 1 1 1 -0.7071068 0 0 0.7071068  
				<TransformMatrix>: 1 0 0 0 0 -1.192093E-07 -1 0 0 1 -1.192093E-07 0 0 -0.01573578 0 1  
				<SkinningInfo>: Character003
					<BonesPerVertex>: 4
					<Bounds>: -0.4235163 0.1645319 0.0001528263 0.1608266 0.3457758 0.3154057
					<BoneNames>: 14 Bip004_Head Bip004_L_Clavicle Bip004_R_Clavicle Bip004_R_UpperArm Bip004_Spine Bip004_Spine1 Bip004_Spine2 Bip004_R_Forearm Bip004_Neck Bip004_Pelvis Bip004_R_Hand Bip004_L_Forearm Bip004_L_UpperArm Bip004_L_Hand  
					<BoneOffsets>: 14 2.746816E-07 1.430493E-06 -1 0 0.2003623 -0.9797218 -1.346449E-06 0 -0.9797218 -0.2003623 -5.557286E-07 0 1.197266 0.2216524 6.016173E-07 1 1 1.350418E-06 -0.0003021611 0 -1.303852E-06 1 1.455192E-09 0 0.0003021618 0 0.9999998 0 0.0925345 -1.452863E-07 -1.111597 1 -1 1.396984E-06 -0.0003021625 0 1.44355E-06 1 1.455192E-09 0 0.0003021611 0 -0.9999999 0 0.09253448 -1.564622E-07 1.111597 1 -0.7141247 0.006875372 -0.6999846 0 0.01872154 0.9997817 -0.009279594 0 0.6997679 -0.01973147 -0.7140976 0 -0.6529164 0.0207299 0.916185 1 1.091704E-09 1.402694E-06 -1 0 0.0007963172 -0.9999998 -1.402692E-06 0 -0.9999997 -0.0007963157 -2.208636E-09 0 0.6906224 0.0006352235 1.761862E-09 1 1.091588E-09 1.402694E-06 -1 0 0.0007963178 -0.9999997 -1.402692E-06 0 -0.9999996 -0.000796318 -2.208727E-09 0 0.797744 0.0007205224 1.998387E-09 1 1.091512E-09 1.402694E-06 -1 0 0.0007963172 -0.9999997 -1.402692E-06 0 -0.9999996 -0.0007963186 -2.208467E-09 0 0.9048655 0.0008551907 2.371962E-09 1 -0.7141125 0.008057826 -0.6999846 0 0.02037685 0.9997494 -0.009279615 0 0.6997344 -0.02089016 -0.7140976 0 -0.4196985 0.02142495 0.9161851 1 5.96451E-07 1.539245E-06 -1 0 0.4350775 -0.900393 -1.126423E-06 0 -0.9003931 -0.4350775 -1.206731E-06 0 1.038045 0.4801511 1.331747E-06 1 1.3868E-06 -2.757708E-06 -1 0 -8.881784E-14 -1 2.757707E-06 0 -1 -3.730349E-12 -1.3868E-06 0 0.61805 0 8.571118E-07 1 -0.7078396 -0.7061321 -0.01846019 0 0.04793411 -0.02194371 -0.9986094 0 0.7047449 -0.7077403 0.04938044 0 -0.2372294 0.913824 -0.03970271 1 0.7141125 -0.008055137 -0.6999847 0 0.02037492 0.9997494 0.009281453 0 0.6997344 -0.02089016 0.7140976 0 -0.4196985 0.02142489 -0.9161852 1 0.7141249 -0.006872672 -0.6999847 0 0.01871944 0.9997817 0.009281497 0 0.699768 -0.01973147 0.7140976 0 -0.6529164 0.0207299 -0.916185 1 0.7078398 0.7061319 -0.01845742 0 0.04793219 -0.02194566 0.9986096 0 0.7047449 -0.7077401 -0.04938044 0 -0.2372293 0.9138239 0.03970277 1  
					<BoneIndices>: 938 7 0 0 0 7 0 0 0 7 0 0 0 7 0 0 0 7 0 0 0 7 0 0 0 7 0 0 0 7 0 0 0 7 0 0 0 7 0 0 0 7 0 0 0 7 0 0 0 7 0 0 0 7 0 0 0 7 0 0 0 7 0 0 0 7 0 0 0 7 0 0 0 7 0 0 0 7 0 0 0 7 0 0 0 7 0 0 0 7 0 0 0 7 0 0 0 7 0 0 0 7 0 0 0 7 0 0 0 7 0 0 0 7 0 0 0 7 0 0 0 7 0 0 0 7 0 0 0 7 0 0 0 7 0 0 0 7 0 0 0 7 0 0 0 7 0 0 0 7 0 0 0 7 0 0 0 7 0 0 0 7 0 0 0 7 0 0 0 7 0 0 0 7 0 0 0 7 0 0 0 7 0 0 0 7 0 0 0 7 0 0 0 7 0 0 0 7 0 0 0 7 0 0 0 7 0 0 0 7 0 0 0 7 0 0 0 7 0 0 0 7 0 0 0 7 0 0 0 11 0 0 0 11 0 0 0 11 0 0 0 11 0 0 0 11 0 0 0 11 0 0 0 11 0 0 0 11 0 0 0 11 0 0 0 11 0 0 0 11 0 0 0 11 0 0 0 11 0 0 0 11 0 0 0 11 0 0 0 11 0 0 0 11 0 0 0 11 0 0 0 11 0 0 0 11 0 0 0 11 0 0 0 11 0 0 0 11 0 0 0 11 0 0 0 11 0 0 0 11 0 0 0 11 0 0 0 11 0 0 0 11 0 0 0 11 0 0 0 11 0 0 0 11 0 0 0 11 0 0 0 11 0 0 0 11 0 0 0 11 0 0 0 11 0 0 0 11 0 0 0 11 0 0 0 11 0 0 0 11 0 0 0 11 0 0 0 11 0 0 0 11 0 0 0 11 0 0 0 11 0 0 0 11 0 0 0 11 0 0 0 11 0 0 0 11 0 0 0 11 0 0 0 11 0 0 0 11 0 0 0 11 0 0 0 11 0 0 0 11 0 0 0 11 0 0 0 11 0 0 0 11 0 0 0 11 0 0 0 11 0 0 0 11 0 0 0 11 0 0 0 11 0 0 0 11 0 0 0 11 0 0 0 3 2 6 0 3 2 6 0 3 0 0 0 3 0 0 0 3 2 6 0 3 0 0 0 3 0 0 0 3 2 0 0 3 0 0 0 3 2 0 0 3 2 0 0 3 7 0 0 3 7 0 0 3 0 0 0 3 2 0 0 3 2 6 0 3 7 0 0 3 2 0 0 3 7 0 0 3 7 0 0 3 7 0 0 3 7 0 0 3 7 0 0 3 7 0 0 7 3 0 0 7 3 0 0 7 0 0 0 3 7 0 0 3 2 0 0 7 0 0 0 7 0 0 0 3 7 0 0 3 2 0 0 3 7 0 0 3 0 0 0 3 2 6 0 3 2 0 0 3 0 0 0 3 6 2 0 3 0 0 0 3 7 0 0 3 7 0 0 3 7 0 0 3 0 0 0 3 6 2 0 3 2 6 0 3 7 0 0 3 0 0 0 3 7 0 0 3 2 0 0 3 2 0 0 3 2 0 0 3 2 0 0 3 2 0 0 3 2 0 0 3 2 0 0 3 2 0 0 3 2 0 0 3 2 0 0 3 2 6 0 3 2 6 0 3 0 0 0 3 0 0 0 3 0 0 0 3 7 0 0 3 0 0 0 3 0 0 0 3 7 0 0 3 7 0 0 3 7 0 0 3 2 0 0 3 7 0 0 3 7 0 0 3 2 0 0 3 7 0 0 3 0 0 0 7 3 0 0 7 3 0 0 7 0 0 0 3 7 0 0 7 3 0 0 7 0 0 0 7 0 0 0 7 0 0 0 7 0 0 0 7 3 0 0 7 0 0 0 7 0 0 0 7 0 0 0 7 0 0 0 7 0 0 0 7 0 0 0 7 0 0 0 7 0 0 0 7 0 0 0 7 0 0 0 7 0 0 0 7 0 0 0 7 0 0 0 7 0 0 0 7 0 0 0 7 3 0 0 7 3 0 0 7 0 0 0 7 0 0 0 7 0 0 0 7 0 0 0 7 0 0 0 7 0 0 0 7 0 0 0 7 0 0 0 7 0 0 0 7 0 0 0 7 0 0 0 7 0 0 0 7 0 0 0 7 0 0 0 7 0 0 0 7 3 0 0 7 3 0 0 7 0 0 0 7 3 0 0 7 0 0 0 3 7 0 0 7 3 0 0 7 0 0 0 3 7 0 0 7 0 0 0 3 7 0 0 7 3 0 0 7 3 0 0 3 7 0 0 3 7 0 0 3 0 0 0 3 7 0 0 3 7 0 0 3 7 0 0 3 7 0 0 3 7 0 0 3 7 0 0 7 0 0 0 7 0 0 0 7 0 0 0 7 0 0 0 7 0 0 0 7 0 0 0 7 0 0 0 7 0 0 0 7 0 0 0 7 0 0 0 7 0 0 0 7 0 0 0 7 0 0 0 7 0 0 0 7 0 0 0 7 0 0 0 7 0 0 0 7 0 0 0 7 0 0 0 7 0 0 0 7 0 0 0 7 0 0 0 7 0 0 0 7 0 0 0 7 0 0 0 7 0 0 0 7 0 0 0 7 0 0 0 7 0 0 0 7 0 0 0 7 0 0 0 7 0 0 0 7 0 0 0 7 0 0 0 7 0 0 0 7 0 0 0 7 0 0 0 7 0 0 0 7 0 0 0 7 0 0 0 7 0 0 0 7 0 0 0 7 0 0 0 7 0 0 0 7 0 0 0 7 0 0 0 7 0 0 0 7 0 0 0 7 0 0 0 7 0 0 0 7 0 0 0 7 0 0 0 7 0 0 0 7 0 0 0 7 0 0 0 7 0 0 0 7 0 0 0 7 0 0 0 7 0 0 0 7 0 0 0 7 0 0 0 12 1 0 0 12 1 0 0 1 12 0 0 12 1 0 0 12 1 0 0 12 1 0 0 12 1 0 0 12 1 0 0 12 1 0 0 12 1 0 0 12 1 0 0 12 1 0 0 12 1 0 0 12 1 0 0 12 1 0 0 12 1 6 0 12 1 0 0 12 1 0 0 12 1 0 0 12 1 6 0 12 1 0 0 12 1 0 0 12 6 1 0 12 1 0 0 12 0 0 0 12 1 0 0 1 6 12 0 12 1 0 0 12 1 0 0 12 1 6 0 12 1 0 0 12 1 0 0 12 1 0 0 12 1 0 0 12 1 0 0 1 12 0 0 12 0 0 0 12 1 0 0 1 12 0 0 1 12 0 0 12 1 0 0 12 1 0 0 11 0 0 0 11 0 0 0 11 0 0 0 11 0 0 0 11 0 0 0 11 0 0 0 11 0 0 0 11 0 0 0 11 0 0 0 11 0 0 0 11 0 0 0 11 0 0 0 11 0 0 0 11 0 0 0 11 0 0 0 11 0 0 0 11 0 0 0 11 0 0 0 11 0 0 0 11 0 0 0 11 0 0 0 11 0 0 0 11 0 0 0 11 0 0 0 11 0 0 0 11 0 0 0 11 0 0 0 11 0 0 0 11 0 0 0 11 0 0 0 11 0 0 0 11 0 0 0 11 0 0 0 11 0 0 0 11 0 0 0 11 0 0 0 11 0 0 0 11 0 0 0 11 0 0 0 11 0 0 0 11 0 0 0 11 0 0 0 11 0 0 0 11 0 0 0 11 0 0 0 11 0 0 0 11 0 0 0 11 0 0 0 11 0 0 0 11 0 0 0 11 0 0 0 11 0 0 0 11 0 0 0 11 0 0 0 11 0 0 0 11 0 0 0 11 0 0 0 11 0 0 0 11 0 0 0 11 0 0 0 10 0 0 0 10 0 0 0 10 0 0 0 10 0 0 0 10 0 0 0 10 0 0 0 10 0 0 0 10 0 0 0 10 0 0 0 10 0 0 0 10 0 0 0 10 0 0 0 10 0 0 0 10 0 0 0 10 0 0 0 10 0 0 0 10 0 0 0 10 0 0 0 10 0 0 0 10 0 0 0 10 0 0 0 10 0 0 0 10 0 0 0 10 0 0 0 10 0 0 0 10 0 0 0 10 0 0 0 10 0 0 0 10 0 0 0 10 0 0 0 10 0 0 0 10 0 0 0 10 0 0 0 10 0 0 0 10 0 0 0 10 0 0 0 10 0 0 0 10 0 0 0 10 0 0 0 10 0 0 0 10 0 0 0 10 0 0 0 10 0 0 0 10 0 0 0 10 0 0 0 10 0 0 0 10 0 0 0 10 0 0 0 10 0 0 0 10 0 0 0 10 0 0 0 10 0 0 0 10 0 0 0 10 0 0 0 10 0 0 0 10 0 0 0 10 0 0 0 10 0 0 0 10 0 0 0 10 0 0 0 10 0 0 0 10 0 0 0 10 0 0 0 10 0 0 0 10 0 0 0 10 0 0 0 10 0 0 0 10 0 0 0 10 0 0 0 10 0 0 0 10 0 0 0 7 0 0 0 10 0 0 0 10 0 0 0 10 0 0 0 10 0 0 0 7 0 0 0 10 0 0 0 10 0 0 0 10 0 0 0 10 0 0 0 10 0 0 0 10 0 0 0 10 0 0 0 10 0 0 0 10 0 0 0 10 0 0 0 10 0 0 0 10 0 0 0 10 0 0 0 10 0 0 0 10 0 0 0 10 0 0 0 10 0 0 0 10 0 0 0 10 0 0 0 10 0 0 0 10 0 0 0 10 0 0 0 10 0 0 0 10 0 0 0 10 0 0 0 10 0 0 0 10 0 0 0 10 0 0 0 10 0 0 0 10 0 0 0 10 0 0 0 10 0 0 0 10 0 0 0 10 0 0 0 10 0 0 0 10 0 0 0 10 0 0 0 10 0 0 0 10 0 0 0 10 0 0 0 10 0 0 0 10 0 0 0 10 0 0 0 10 0 0 0 10 0 0 0 10 0 0 0 10 0 0 0 10 0 0 0 10 0 0 0 10 0 0 0 10 0 0 0 10 0 0 0 10 0 0 0 10 0 0 0 10 0 0 0 10 0 0 0 10 0 0 0 10 0 0 0 10 0 0 0 10 0 0 0 10 0 0 0 10 0 0 0 10 0 0 0 10 0 0 0 10 0 0 0 10 0 0 0 10 0 0 0 10 0 0 0 10 0 0 0 10 0 0 0 10 0 0 0 10 0 0 0 10 0 0 0 10 0 0 0 10 0 0 0 10 0 0 0 10 0 0 0 10 0 0 0 10 0 0 0 10 0 0 0 10 0 0 0 10 0 0 0 10 0 0 0 10 0 0 0 10 0 0 0 10 0 0 0 10 0 0 0 10 0 0 0 10 0 0 0 13 0 0 0 13 0 0 0 13 0 0 0 13 0 0 0 13 0 0 0 13 0 0 0 13 0 0 0 13 0 0 0 13 0 0 0 13 0 0 0 13 0 0 0 13 0 0 0 13 0 0 0 13 0 0 0 13 0 0 0 13 0 0 0 13 0 0 0 13 0 0 0 13 0 0 0 13 0 0 0 13 0 0 0 13 0 0 0 13 0 0 0 13 0 0 0 13 0 0 0 13 0 0 0 13 0 0 0 13 0 0 0 13 0 0 0 13 0 0 0 11 0 0 0 11 0 0 0 13 0 0 0 11 0 0 0 13 0 0 0 13 0 0 0 11 0 0 0 13 0 0 0 13 0 0 0 13 0 0 0 13 0 0 0 13 0 0 0 13 0 0 0 13 0 0 0 13 0 0 0 13 0 0 0 13 0 0 0 13 0 0 0 13 0 0 0 13 0 0 0 13 0 0 0 13 0 0 0 13 0 0 0 13 0 0 0 13 0 0 0 13 0 0 0 13 0 0 0 13 0 0 0 13 0 0 0 13 0 0 0 13 0 0 0 13 0 0 0 13 0 0 0 11 0 0 0 13 0 0 0 11 0 0 0 13 0 0 0 11 0 0 0 13 0 0 0 13 0 0 0 13 0 0 0 11 0 0 0 13 0 0 0 13 0 0 0 13 0 0 0 11 0 0 0 13 0 0 0 13 0 0 0 13 0 0 0 13 0 0 0 13 0 0 0 13 0 0 0 13 0 0 0 13 0 0 0 13 0 0 0 13 0 0 0 13 0 0 0 13 0 0 0 13 0 0 0 13 0 0 0 13 0 0 0 13 0 0 0 13 0 0 0 13 0 0 0 13 0 0 0 13 0 0 0 13 0 0 0 13 0 0 0 13 0 0 0 13 0 0 0 13 0 0 0 13 0 0 0 11 0 0 0 13 0 0 0 13 0 0 0 11 0 0 0 13 0 0 0 13 0 0 0 13 0 0 0 13 0 0 0 13 0 0 0 13 0 0 0 13 0 0 0 13 0 0 0 13 0 0 0 13 0 0 0 13 0 0 0 13 0 0 0 13 0 0 0 13 0 0 0 13 0 0 0 13 0 0 0 13 0 0 0 13 0 0 0 13 0 0 0 13 0 0 0 13 0 0 0 13 0 0 0 13 0 0 0 13 0 0 0 13 0 0 0 13 0 0 0 13 0 0 0 13 0 0 0 13 0 0 0 13 0 0 0 13 0 0 0 13 0 0 0 13 0 0 0 13 0 0 0 13 0 0 0 13 0 0 0 13 0 0 0 13 0 0 0 13 0 0 0 13 0 0 0 13 0 0 0 13 0 0 0 13 0 0 0 13 0 0 0 13 0 0 0 13 0 0 0 13 0 0 0 13 0 0 0 13 0 0 0 13 0 0 0 13 0 0 0 13 0 0 0 13 0 0 0 13 0 0 0 13 0 0 0 13 0 0 0 13 0 0 0 13 0 0 0 13 0 0 0 13 0 0 0 13 0 0 0 13 0 0 0 12 1 0 0 12 11 0 0 12 11 0 0 12 1 0 0 12 1 0 0 12 11 0 0 12 11 0 0 12 1 0 0 12 11 0 0 12 1 0 0 12 0 0 0 12 11 0 0 12 1 0 0 12 11 0 0 12 11 0 0 12 1 0 0 12 1 0 0 12 11 0 0 12 11 0 0 12 1 0 0 12 11 0 0 12 1 0 0 12 11 0 0 12 1 0 0 11 12 0 0 12 11 0 0 11 12 0 0 12 11 0 0 11 12 0 0 12 11 0 0 11 12 0 0 12 11 0 0 11 12 0 0 11 12 0 0 12 11 0 0 12 11 0 0 11 12 0 0 11 12 0 0 11 12 0 0 11 12 0 0 11 12 0 0 11 0 0 0 11 12 0 0 11 12 0 0 12 11 0 0 11 12 0 0 11 12 0 0 12 1 0 0 12 1 0 0 12 11 0 0 12 1 0 0 11 12 0 0 11 0 0 0 11 12 0 0 11 0 0 0 11 12 0 0 11 0 0 0 11 0 0 0 11 0 0 0 11 0 0 0 11 0 0 0 11 0 0 0 11 0 0 0 11 0 0 0 11 0 0 0 11 0 0 0 11 0 0 0 11 0 0 0 11 0 0 0 11 0 0 0 11 0 0 0 11 0 0 0 11 0 0 0 11 0 0 0 11 0 0 0 11 0 0 0 11 0 0 0 11 0 0 0 11 0 0 0 11 12 0 0 11 0 0 0 11 0 0 0 11 0 0 0 11 0 0 0 11 0 0 0 11 0 0 0 11 0 0 0 11 12 0 0 11 0 0 0 11 0 0 0 11 0 0 0 11 0 0 0 11 12 0 0 11 12 0 0 12 11 0 0 11 12 0 0 11 12 0 0 12 11 0 0 11 0 0 0 11 12 0 0 11 12 0 0 12 11 0 0 11 0 0 0 11 0 0 0 11 0 0 0 11 12 0 0 11 12 0 0 12 11 0 0 11 12 0 0 11 12 0 0 12 11 0 0 11 0 0 0 11 12 0 0 11 0 0 0 11 0 0 0 11 0 0 0 11 0 0 0 11 0 0 0 11 0 0 0 11 0 0 0 11 0 0 0 11 0 0 0 11 0 0 0 11 12 0 0 11 12 0 0 12 11 0 0 12 1 0 0 12 0 0 0 12 1 0 0 12 11 0 0 11 0 0 0 11 0 0 0 11 0 0 0 11 0 0 0 11 0 0 0 11 0 0 0 11 0 0 0 11 0 0 0 11 0 0 0 11 0 0 0 11 0 0 0 11 0 0 0 11 0 0 0 11 0 0 0 7 0 0 0 7 0 0 0 7 0 0 0 7 0 0 0 7 0 0 0 7 0 0 0 7 0 0 0 7 0 0 0 7 0 0 0 7 0 0 0 7 0 0 0 7 0 0 0 7 0 0 0 7 0 0 0 11 0 0 0 11 0 0 0 11 0 0 0 11 0 0 0 11 0 0 0 11 0 0 0 11 0 0 0 11 0 0 0 11 0 0 0 11 0 0 0 10 0 0 0 10 0 0 0 10 0 0 0 10 0 0 0 7 0 0 0 10 0 0 0 7 0 0 0 10 0 0 0 10 0 0 0 10 0 0 0  
					<BoneWeights>: 938 1 0 0 0 1 0 0 0 1 0 0 0 1 0 0 0 1 0 0 0 1 0 0 0 1 0 0 0 1 0 0 0 1 0 0 0 1 0 0 0 1 0 0 0 1 0 0 0 1 0 0 0 1 0 0 0 1 0 0 0 1 0 0 0 1 0 0 0 1 0 0 0 1 0 0 0 1 0 0 0 1 0 0 0 1 0 0 0 1 0 0 0 1 0 0 0 1 0 0 0 1 0 0 0 1 0 0 0 1 0 0 0 1 0 0 0 1 0 0 0 1 0 0 0 1 0 0 0 1 0 0 0 1 0 0 0 1 0 0 0 1 0 0 0 1 0 0 0 1 0 0 0 1 0 0 0 1 0 0 0 1 0 0 0 1 0 0 0 1 0 0 0 1 0 0 0 1 0 0 0 1 0 0 0 1 0 0 0 1 0 0 0 1 0 0 0 1 0 0 0 1 0 0 0 1 0 0 0 1 0 0 0 1 0 0 0 1 0 0 0 1 0 0 0 1 0 0 0 1 0 0 0 1 0 0 0 1 0 0 0 1 0 0 0 1 0 0 0 1 0 0 0 1 0 0 0 1 0 0 0 1 0 0 0 1 0 0 0 1 0 0 0 1 0 0 0 1 0 0 0 1 0 0 0 1 0 0 0 1 0 0 0 1 0 0 0 1 0 0 0 1 0 0 0 1 0 0 0 1 0 0 0 1 0 0 0 1 0 0 0 1 0 0 0 1 0 0 0 1 0 0 0 1 0 0 0 1 0 0 0 1 0 0 0 1 0 0 0 1 0 0 0 1 0 0 0 1 0 0 0 1 0 0 0 1 0 0 0 1 0 0 0 1 0 0 0 1 0 0 0 1 0 0 0 1 0 0 0 1 0 0 0 1 0 0 0 1 0 0 0 1 0 0 0 1 0 0 0 1 0 0 0 1 0 0 0 1 0 0 0 1 0 0 0 1 0 0 0 1 0 0 0 1 0 0 0 1 0 0 0 1 0 0 0 1 0 0 0 1 0 0 0 1 0 0 0 1 0 0 0 1 0 0 0 1 0 0 0 1 0 0 0 1 0 0 0 1 0 0 0 1 0 0 0 1 0 0 0 1 0 0 0 0.6455998 0.2796046 0.07479563 0 0.6482981 0.2537593 0.0979427 0 1 0 0 0 1 0 0 0 0.6035266 0.2982367 0.09823668 0 1 0 0 0 1 0 0 0 0.6976565 0.3023435 0 0 1 0 0 0 0.9 0.1 0 0 0.6643311 0.3356689 0 0 0.9 0.1 0 0 0.9 0.1 0 0 1 0 0 0 0.9 0.1 0 0 0.5760541 0.3291824 0.09476348 0 0.9 0.1 0 0 0.9 0.1 0 0 0.7 0.3 0 0 0.7 0.3 0 0 0.5 0.5 0 0 0.7 0.3 0 0 0.5 0.5 0 0 0.5 0.5 0 0 0.7 0.3 0 0 0.7 0.3 0 0 1 0 0 0 0.9 0.1 0 0 0.9 0.09999998 0 0 1 0 0 0 1 0 0 0 0.7 0.3 0 0 0.9 0.1 0 0 0.9 0.1 0 0 1 0 0 0 0.6627407 0.2442157 0.09304356 0 0.9 0.09999998 0 0 1 0 0 0 0.477262 0.3117243 0.2110137 0 1 0 0 0 0.9 0.1 0 0 0.7 0.3 0 0 0.5 0.5 0 0 1 0 0 0 0.4722179 0.2725303 0.2552518 0 0.5796015 0.3196483 0.1007502 0 0.9 0.1 0 0 1 0 0 0 0.7 0.3 0 0 0.9 0.1 0 0 0.85 0.15 0 0 0.85 0.15 0 0 0.85 0.15 0 0 0.7119434 0.2880566 0 0 0.85 0.15 0 0 0.7 0.3 0 0 0.631731 0.368269 0 0 0.8 0.2 0 0 0.7 0.3 0 0 0.4959725 0.3969415 0.107086 0 0.6455998 0.2796046 0.07479563 0 1 0 0 0 1 0 0 0 1 0 0 0 0.9 0.1 0 0 1 0 0 0 1 0 0 0 0.7 0.3 0 0 0.7 0.3 0 0 0.5 0.5 0 0 0.9 0.1 0 0 0.7 0.3 0 0 0.5 0.5 0 0 0.9 0.1 0 0 0.7 0.3 0 0 1 0 0 0 0.7 0.3 0 0 0.7 0.3 0 0 1 0 0 0 0.5 0.5 0 0 0.7 0.3 0 0 1 0 0 0 1 0 0 0 1 0 0 0 1 0 0 0 0.7 0.3 0 0 1 0 0 0 1 0 0 0 1 0 0 0 1 0 0 0 1 0 0 0 1 0 0 0 1 0 0 0 1 0 0 0 1 0 0 0 1 0 0 0 1 0 0 0 1 0 0 0 1 0 0 0 1 0 0 0 1 0 0 0 0.7 0.3 0 0 0.7 0.3 0 0 1 0 0 0 1 0 0 0 1 0 0 0 1 0 0 0 1 0 0 0 1 0 0 0 1 0 0 0 1 0 0 0 1 0 0 0 1 0 0 0 1 0 0 0 1 0 0 0 1 0 0 0 1 0 0 0 1 0 0 0 0.7 0.3 0 0 0.7 0.3 0 0 1 0 0 0 0.7 0.3 0 0 1 0 0 0 0.5 0.5 0 0 0.7 0.3 0 0 1 0 0 0 0.5 0.5 0 0 1 0 0 0 0.5 0.5 0 0 0.7 0.3 0 0 0.7 0.3 0 0 0.7 0.3 0 0 0.5 0.5 0 0 1 0 0 0 0.7 0.3 0 0 0.7 0.3 0 0 0.5 0.5 0 0 0.7 0.3 0 0 0.5 0.5 0 0 0.5 0.5 0 0 1 0 0 0 1 0 0 0 1 0 0 0 1 0 0 0 1 0 0 0 1 0 0 0 1 0 0 0 1 0 0 0 1 0 0 0 1 0 0 0 1 0 0 0 1 0 0 0 1 0 0 0 1 0 0 0 1 0 0 0 1 0 0 0 1 0 0 0 1 0 0 0 1 0 0 0 1 0 0 0 1 0 0 0 1 0 0 0 1 0 0 0 1 0 0 0 1 0 0 0 1 0 0 0 1 0 0 0 1 0 0 0 1 0 0 0 1 0 0 0 1 0 0 0 1 0 0 0 1 0 0 0 1 0 0 0 1 0 0 0 1 0 0 0 1 0 0 0 1 0 0 0 1 0 0 0 1 0 0 0 1 0 0 0 1 0 0 0 1 0 0 0 1 0 0 0 1 0 0 0 1 0 0 0 1 0 0 0 1 0 0 0 1 0 0 0 1 0 0 0 1 0 0 0 1 0 0 0 1 0 0 0 1 0 0 0 1 0 0 0 1 0 0 0 1 0 0 0 1 0 0 0 1 0 0 0 1 0 0 0 1 0 0 0 0.8 0.2 0 0 0.5885292 0.4114708 0 0 0.5480767 0.4519233 0 0 0.8 0.2 0 0 0.9 0.1 0 0 0.591208 0.408792 0 0 0.9 0.1 0 0 0.8 0.2 0 0 0.6069356 0.3930643 0 0 0.9 0.1 0 0 0.8 0.2 0 0 0.5644433 0.4355567 0 0 0.9 0.1 0 0 0.7 0.3 0 0 0.8 0.2 0 0 0.5831283 0.3038492 0.1130225 0 0.7 0.3 0 0 0.8 0.2 0 0 0.8 0.2 0 0 0.5598246 0.2585908 0.1815846 0 0.8 0.2 0 0 0.9 0.1 0 0 0.4509429 0.341591 0.2074661 0 0.8 0.2 0 0 1 0 0 0 0.8 0.2 0 0 0.3433026 0.3407228 0.3159746 0 0.9 0.1 0 0 0.8 0.2 0 0 0.4160398 0.3488545 0.2351056 0 0.9 0.1 0 0 0.8 0.2 0 0 0.5957165 0.4042834 0 0 0.9 0.1 0 0 0.7 0.3 0 0 0.5914697 0.4085303 0 0 1 0 0 0 0.6 0.4 0 0 0.6244736 0.3755265 0 0 0.5480767 0.4519233 0 0 0.8 0.2 0 0 0.9 0.1 0 0 1 0 0 0 1 0 0 0 1 0 0 0 1 0 0 0 1 0 0 0 1 0 0 0 1 0 0 0 1 0 0 0 1 0 0 0 1 0 0 0 1 0 0 0 1 0 0 0 1 0 0 0 1 0 0 0 1 0 0 0 1 0 0 0 1 0 0 0 1 0 0 0 1 0 0 0 1 0 0 0 1 0 0 0 1 0 0 0 1 0 0 0 1 0 0 0 1 0 0 0 1 0 0 0 1 0 0 0 1 0 0 0 1 0 0 0 1 0 0 0 1 0 0 0 1 0 0 0 1 0 0 0 1 0 0 0 1 0 0 0 1 0 0 0 1 0 0 0 1 0 0 0 1 0 0 0 1 0 0 0 1 0 0 0 1 0 0 0 1 0 0 0 1 0 0 0 1 0 0 0 1 0 0 0 1 0 0 0 1 0 0 0 1 0 0 0 1 0 0 0 1 0 0 0 1 0 0 0 1 0 0 0 1 0 0 0 1 0 0 0 1 0 0 0 1 0 0 0 1 0 0 0 1 0 0 0 1 0 0 0 1 0 0 0 1 0 0 0 1 0 0 0 1 0 0 0 1 0 0 0 1 0 0 0 1 0 0 0 1 0 0 0 1 0 0 0 1 0 0 0 1 0 0 0 1 0 0 0 1 0 0 0 1 0 0 0 1 0 0 0 1 0 0 0 1 0 0 0 1 0 0 0 1 0 0 0 1 0 0 0 1 0 0 0 1 0 0 0 1 0 0 0 1 0 0 0 1 0 0 0 1 0 0 0 1 0 0 0 1 0 0 0 1 0 0 0 1 0 0 0 1 0 0 0 1 0 0 0 1 0 0 0 1 0 0 0 1 0 0 0 1 0 0 0 1 0 0 0 1 0 0 0 1 0 0 0 1 0 0 0 1 0 0 0 1 0 0 0 1 0 0 0 1 0 0 0 1 0 0 0 1 0 0 0 1 0 0 0 1 0 0 0 1 0 0 0 1 0 0 0 1 0 0 0 1 0 0 0 1 0 0 0 1 0 0 0 1 0 0 0 1 0 0 0 1 0 0 0 1 0 0 0 1 0 0 0 1 0 0 0 1 0 0 0 1 0 0 0 1 0 0 0 1 0 0 0 1 0 0 0 1 0 0 0 1 0 0 0 1 0 0 0 1 0 0 0 1 0 0 0 1 0 0 0 1 0 0 0 1 0 0 0 1 0 0 0 1 0 0 0 1 0 0 0 1 0 0 0 1 0 0 0 1 0 0 0 1 0 0 0 1 0 0 0 1 0 0 0 1 0 0 0 1 0 0 0 1 0 0 0 1 0 0 0 1 0 0 0 1 0 0 0 1 0 0 0 1 0 0 0 1 0 0 0 1 0 0 0 1 0 0 0 1 0 0 0 1 0 0 0 1 0 0 0 1 0 0 0 1 0 0 0 1 0 0 0 1 0 0 0 1 0 0 0 1 0 0 0 1 0 0 0 1 0 0 0 1 0 0 0 1 0 0 0 1 0 0 0 1 0 0 0 1 0 0 0 1 0 0 0 1 0 0 0 1 0 0 0 1 0 0 0 1 0 0 0 1 0 0 0 1 0 0 0 1 0 0 0 1 0 0 0 1 0 0 0 1 0 0 0 1 0 0 0 1 0 0 0 1 0 0 0 1 0 0 0 1 0 0 0 1 0 0 0 1 0 0 0 1 0 0 0 1 0 0 0 1 0 0 0 1 0 0 0 1 0 0 0 1 0 0 0 1 0 0 0 1 0 0 0 1 0 0 0 1 0 0 0 1 0 0 0 1 0 0 0 1 0 0 0 1 0 0 0 1 0 0 0 1 0 0 0 1 0 0 0 1 0 0 0 1 0 0 0 1 0 0 0 1 0 0 0 1 0 0 0 1 0 0 0 1 0 0 0 1 0 0 0 1 0 0 0 1 0 0 0 1 0 0 0 1 0 0 0 1 0 0 0 1 0 0 0 1 0 0 0 1 0 0 0 1 0 0 0 1 0 0 0 1 0 0 0 1 0 0 0 1 0 0 0 1 0 0 0 1 0 0 0 1 0 0 0 1 0 0 0 1 0 0 0 1 0 0 0 1 0 0 0 1 0 0 0 1 0 0 0 1 0 0 0 1 0 0 0 1 0 0 0 1 0 0 0 1 0 0 0 1 0 0 0 1 0 0 0 1 0 0 0 1 0 0 0 1 0 0 0 1 0 0 0 1 0 0 0 1 0 0 0 1 0 0 0 1 0 0 0 1 0 0 0 1 0 0 0 1 0 0 0 1 0 0 0 1 0 0 0 1 0 0 0 1 0 0 0 1 0 0 0 1 0 0 0 1 0 0 0 1 0 0 0 1 0 0 0 1 0 0 0 1 0 0 0 1 0 0 0 1 0 0 0 1 0 0 0 1 0 0 0 1 0 0 0 1 0 0 0 1 0 0 0 1 0 0 0 1 0 0 0 1 0 0 0 1 0 0 0 1 0 0 0 1 0 0 0 1 0 0 0 1 0 0 0 1 0 0 0 1 0 0 0 1 0 0 0 1 0 0 0 1 0 0 0 1 0 0 0 1 0 0 0 1 0 0 0 1 0 0 0 1 0 0 0 1 0 0 0 1 0 0 0 1 0 0 0 1 0 0 0 1 0 0 0 1 0 0 0 1 0 0 0 1 0 0 0 1 0 0 0 1 0 0 0 1 0 0 0 1 0 0 0 1 0 0 0 1 0 0 0 1 0 0 0 1 0 0 0 1 0 0 0 1 0 0 0 1 0 0 0 1 0 0 0 1 0 0 0 1 0 0 0 1 0 0 0 1 0 0 0 1 0 0 0 1 0 0 0 1 0 0 0 1 0 0 0 1 0 0 0 1 0 0 0 1 0 0 0 1 0 0 0 1 0 0 0 1 0 0 0 1 0 0 0 1 0 0 0 1 0 0 0 1 0 0 0 1 0 0 0 1 0 0 0 1 0 0 0 1 0 0 0 1 0 0 0 1 0 0 0 1 0 0 0 1 0 0 0 1 0 0 0 1 0 0 0 1 0 0 0 1 0 0 0 1 0 0 0 1 0 0 0 1 0 0 0 1 0 0 0 1 0 0 0 1 0 0 0 1 0 0 0 1 0 0 0 1 0 0 0 1 0 0 0 1 0 0 0 1 0 0 0 1 0 0 0 1 0 0 0 1 0 0 0 1 0 0 0 1 0 0 0 1 0 0 0 1 0 0 0 1 0 0 0 1 0 0 0 1 0 0 0 1 0 0 0 1 0 0 0 1 0 0 0 1 0 0 0 1 0 0 0 1 0 0 0 1 0 0 0 1 0 0 0 1 0 0 0 1 0 0 0 1 0 0 0 1 0 0 0 1 0 0 0 1 0 0 0 1 0 0 0 1 0 0 0 1 0 0 0 1 0 0 0 1 0 0 0 1 0 0 0 1 0 0 0 1 0 0 0 1 0 0 0 1 0 0 0 1 0 0 0 1 0 0 0 1 0 0 0 1 0 0 0 1 0 0 0 1 0 0 0 1 0 0 0 1 0 0 0 1 0 0 0 1 0 0 0 0.9 0.1 0 0 0.7 0.3 0 0 0.7 0.3 0 0 0.9 0.1 0 0 0.9 0.1 0 0 0.7 0.3 0 0 0.7 0.3 0 0 0.9 0.1 0 0 0.7 0.3 0 0 0.9 0.1 0 0 1 0 0 0 0.7 0.3 0 0 0.9 0.1 0 0 0.8000001 0.1999999 0 0 0.8000001 0.1999999 0 0 0.8 0.2 0 0 0.8 0.2 0 0 0.8000001 0.1999999 0 0 0.8000001 0.1999999 0 0 0.8 0.2 0 0 0.7500001 0.2499999 0 0 0.9 0.1 0 0 0.7500001 0.2499999 0 0 0.9 0.1 0 0 0.5 0.5 0 0 0.8000001 0.1999999 0 0 0.5 0.5 0 0 0.8000001 0.1999999 0 0 0.5 0.5 0 0 0.7500001 0.2499999 0 0 0.5 0.5 0 0 0.8000001 0.1999999 0 0 0.5 0.5 0 0 0.7 0.3 0 0 0.7500001 0.2499999 0 0 0.8000001 0.1999999 0 0 0.7 0.3 0 0 0.5 0.5 0 0 0.7 0.3 0 0 0.7 0.3 0 0 0.9000001 0.0999999 0 0 1 0 0 0 0.7 0.3 0 0 0.7 0.3 0 0 0.8000001 0.1999999 0 0 0.5 0.5 0 0 0.7 0.3 0 0 0.9 0.1 0 0 0.9 0.1 0 0 0.7500001 0.2499999 0 0 0.9 0.1 0 0 0.7 0.3 0 0 1 0 0 0 0.7 0.3 0 0 1 0 0 0 0.7 0.3 0 0 1 0 0 0 1 0 0 0 1 0 0 0 1 0 0 0 1 0 0 0 1 0 0 0 1 0 0 0 1 0 0 0 1 0 0 0 1 0 0 0 1 0 0 0 1 0 0 0 1 0 0 0 1 0 0 0 1 0 0 0 1 0 0 0 1 0 0 0 1 0 0 0 1 0 0 0 1 0 0 0 1 0 0 0 1 0 0 0 1 0 0 0 0.7 0.3 0 0 1 0 0 0 1 0 0 0 1 0 0 0 1 0 0 0 1 0 0 0 1 0 0 0 1 0 0 0 0.7 0.3 0 0 1 0 0 0 1 0 0 0 1 0 0 0 1 0 0 0 0.5 0.5 0 0 0.5 0.5 0 0 0.7 0.3 0 0 0.7 0.3 0 0 0.5 0.5 0 0 0.7 0.3 0 0 1 0 0 0 0.7 0.3 0 0 0.5 0.5 0 0 0.7 0.3 0 0 1 0 0 0 1 0 0 0 1 0 0 0 0.7 0.3 0 0 0.5 0.5 0 0 0.7 0.3 0 0 0.7 0.3 0 0 0.5 0.5 0 0 0.7 0.3 0 0 1 0 0 0 0.7 0.3 0 0 1 0 0 0 1 0 0 0 1 0 0 0 1 0 0 0 1 0 0 0 1 0 0 0 1 0 0 0 1 0 0 0 1 0 0 0 1 0 0 0 0.7 0.3 0 0 0.5 0.5 0 0 0.8000001 0.1999999 0 0 0.9 0.1 0 0 1 0 0 0 0.9 0.1 0 0 0.7 0.3 0 0 1 0 0 0 1 0 0 0 1 0 0 0 1 0 0 0 1 0 0 0 1 0 0 0 1 0 0 0 1 0 0 0 1 0 0 0 1 0 0 0 1 0 0 0 1 0 0 0 1 0 0 0 1 0 0 0 1 0 0 0 1 0 0 0 1 0 0 0 1 0 0 0 1 0 0 0 1 0 0 0 1 0 0 0 1 0 0 0 1 0 0 0 1 0 0 0 1 0 0 0 1 0 0 0 1 0 0 0 1 0 0 0 1 0 0 0 1 0 0 0 1 0 0 0 1 0 0 0 1 0 0 0 1 0 0 0 1 0 0 0 1 0 0 0 1 0 0 0 1 0 0 0 1 0 0 0 1 0 0 0 1 0 0 0 1 0 0 0 1 0 0 0 1 0 0 0 1 0 0 0 1 0 0 0 1 0 0 0 1 0 0 0  
				</SkinningInfo>
				<Mesh>: 938 Character003
					<Bounds>: 0 0.01127673 0.9158164 0.5946004 0.07966049 0.246748
