<Hierarchy>:
	<Frame>: 0 0 Boss_Idle
		<Transform>: 0 0 0 0 0 0 1 1 1 0 0 0 1  
		<TransformMatrix>: 1 0 0 0 0 1 0 0 0 0 1 0 0 0 0 1  
		<Children>: 2
			<Frame>: 1 0 Bip001
				<Transform>: 0 0.6355246 -0.005118704 270 89.99989 0 0.9999999 0.9999999 1 -0.5000005 0.4999995 0.4999996 0.5000005  
				<TransformMatrix>: 1.966953E-06 0 -0.9999999 0 -0.9999999 -2.384186E-07 -1.996755E-06 0 -1.192093E-07 1 0 0 0 0.6355246 -0.005118704 1  
				<Children>: 1
					<Frame>: 2 0 Bip001_Pelvis
						<Transform>: 0 0 0 270 89.99993 0 1 0.9999999 0.9999999 -0.5 0.5 0.4999993 0.5000007  
						<TransformMatrix>: 1.311302E-06 0 -1 0 -0.9999999 1.311302E-06 -1.311302E-06 0 1.311302E-06 0.9999999 0 0 0 0 0 1  
						<Children>: 3
							<Frame>: 3 0 Bip001_L_Thigh
								<Transform>: 1.525879E-07 1.657009E-07 0.09937455 2.352946 178.8206 350.5215 0.9999999 1 0.9999999 -0.08238887 0.9963357 -0.02131076 0.008558411  
								<TransformMatrix>: -0.9862778 -0.1645387 -0.01354256 0 -0.1638092 0.9855158 -0.04387558 0 0.02056564 -0.0410551 -0.9989454 0 1.525879E-07 1.657009E-07 0.09937455 1  
								<Children>: 1
									<Frame>: 4 0 Bip001_L_Calf
										<Transform>: -0.2487985 9.536743E-09 0 1.416142E-07 -4.040916E-07 14.84589 1 0.9999999 1 7.698797E-10 -3.65647E-09 0.1291927 0.9916195  
										<TransformMatrix>: 0.9666185 0.25622 7.450581E-09 0 -0.25622 0.9666184 5.820767E-10 0 -7.052729E-09 -2.471634E-09 1 0 -0.2487985 9.536743E-09 0 1  
										<Children>: 1
											<Frame>: 5 0 Bip001_L_Foot
												<Transform>: -0.2435702 4.172325E-09 -9.536743E-09 357.7684 1.395428 352.5812 1 1 1 -0.02021884 0.01088954 -0.06444195 0.9976572  
												<TransformMatrix>: 0.9914573 -0.1290223 -0.01912218 0 0.1281416 0.9908769 -0.04174642 0 0.02433395 0.03893945 0.9989454 0 -0.2435702 4.172325E-09 -9.536743E-09 1  
												<Children>: 1
													<Frame>: 6 0 Bip001_L_Toe0
														<Transform>: -0.1457944 0.2430618 0 -1.707548E-05 -2.128757E-05 270 1 1 1 2.599145E-08 -2.367257E-07 -0.7071068 0.7071068  
														<TransformMatrix>: -1.192093E-07 -1 2.980233E-07 0 1 -1.192093E-07 3.715382E-07 0 -3.715382E-07 2.980233E-07 1 0 -0.1457944 0.2430618 0 1  
														<Children>: 1
															<Frame>: 7 0 Bip001_L_Toe0Nub
																<Transform>: -0.009466037 5.960464E-10 0 3.427649E-28 2.798888E-12 180 -1 -1 -1 2.44249E-14 -1.495594E-30 1 6.123234E-17  
																<TransformMatrix>: 1 -1.224647E-16 -4.884982E-14 0 1.224647E-16 1 -1.880791E-37 0 -4.884981E-14 5.982376E-30 -1 0 -0.009466037 5.960464E-10 0 1  
																<Children>: 0
															</Frame>
													</Frame>
											</Frame>
									</Frame>
							</Frame>
							<Frame>: 8 0 Bip001_R_Thigh
								<Transform>: -1.525879E-07 -1.096725E-07 -0.09937455 357.6472 181.1795 350.5222 1 1 0.9999999 -0.08238301 0.9963362 0.02130951 -0.008559514  
								<TransformMatrix>: -0.9862797 -0.1645272 0.01354523 0 -0.1637976 0.9855179 0.04387318 0 -0.02056739 0.04105254 -0.9989453 0 -1.525879E-07 -1.096725E-07 -0.09937455 1  
								<Children>: 1
									<Frame>: 9 0 Bip001_R_Calf
										<Transform>: -0.2487985 -9.536743E-09 0 2.305596E-07 1.715119E-07 14.84392 0.9999999 1 1 2.188495E-09 1.22428E-09 0.1291757 0.9916217  
										<TransformMatrix>: 0.9666272 0.2561868 -1.862645E-09 0 -0.2561868 0.9666273 4.656613E-09 0 2.993447E-09 -4.024024E-09 1 0 -0.2487985 -9.536743E-09 0 1  
										<Children>: 1
											<Frame>: 10 0 Bip001_R_Foot
												<Transform>: -0.2435702 5.960464E-09 -9.536743E-09 2.231656 358.6048 352.5826 0.9999999 0.9999999 0.9999999 0.02021882 -0.01088805 -0.06443057 0.997658  
												<TransformMatrix>: 0.9914603 -0.1289996 0.01911967 0 0.1281191 0.9908797 0.04174598 0 -0.02433051 -0.03893989 0.9989452 0 -0.2435702 5.960464E-09 -9.536743E-09 1  
												<Children>: 1
													<Frame>: 11 0 Bip001_R_Toe0
														<Transform>: -0.1457944 0.2430618 9.536743E-09 -2.390569E-05 -4.786811E-05 270 1 1 1 1.478642E-07 -4.428925E-07 -0.7071068 0.7071068  
														<TransformMatrix>: -1.192093E-07 -1 4.172331E-07 0 1 -1.192093E-07 8.354563E-07 0 -8.354562E-07 4.17233E-07 1 0 -0.1457944 0.2430618 9.536743E-09 1  
														<Children>: 1
															<Frame>: 12 0 Bip001_R_Toe0Nub
																<Transform>: -0.009466019 5.960464E-10 0 3.256888E-12 -6.717331E-12 0 1 1 1 2.842171E-14 -5.861977E-14 1.666074E-27 1  
																<TransformMatrix>: 1 0 1.172396E-13 0 -6.664296E-27 1 5.684342E-14 0 -1.172395E-13 -5.684341E-14 1 0 -0.009466019 5.960464E-10 0 1  
																<Children>: 0
															</Frame>
													</Frame>
											</Frame>
									</Frame>
							</Frame>
							<Frame>: 13 0 Bip001_Spine
								<Transform>: -0.07257225 -2.857983E-05 1.006827E-07 -0.0002383455 7.647961E-05 1.073819 1 0.9999999 0.9999999 -2.073612E-06 6.868719E-07 0.009370704 0.9999561  
								<TransformMatrix>: 0.9998244 0.01874059 -1.412546E-06 0 -0.01874059 0.9998243 -4.134168E-06 0 1.334821E-06 4.159914E-06 0.9999999 0 -0.07257225 -2.857983E-05 1.006827E-07 1  
								<Children>: 1
									<Frame>: 14 0 Bip001_Spine1
										<Transform>: -0.03593757 -3.312468E-05 -9.186805E-11 2.389782E-08 2.756666E-06 359.006 1 1 1 -1.18312E-13 2.405735E-08 -0.008673693 0.9999624  
										<TransformMatrix>: 0.9998496 -0.01734673 -4.811289E-08 0 0.01734673 0.9998496 -4.175688E-10 0 4.81129E-08 -4.170956E-10 1 0 -0.03593757 -3.312468E-05 -9.186805E-11 1  
										<Children>: 1
											<Frame>: 15 0 Bip001_Spine2
												<Transform>: -0.04160934 -0.0001551962 -4.304457E-10 2.391588E-08 2.756662E-06 359.006 1 1 1 4.00621E-14 2.405732E-08 -0.008673677 0.9999624  
												<TransformMatrix>: 0.9998497 -0.0173467 -4.811283E-08 0 0.0173467 0.9998497 -4.172507E-10 0 4.811282E-08 -4.174109E-10 1 0 -0.04160934 -0.0001551962 -4.304457E-10 1  
												<Children>: 3
													<Frame>: 16 0 Bip001_L_Clavicle
														<Transform>: -0.3130393 -0.001460236 0.1880555 0.01677302 270.3298 185 1 1 1 -0.704402 0.03065105 0.7084597 -0.03103541  
														<TransformMatrix>: -0.005709172 -0.08715601 -0.9961784 0 0.000793349 -0.9961946 0.08715287 0 -0.9999834 -0.0002927445 0.005756557 0 -0.3130393 -0.001460236 0.1880555 1  
														<Children>: 1
															<Frame>: 17 0 Bip001_L_UpperArm
																<Transform>: -0.0820388 0 0 350.256 295.0042 52.96801 1 1 1 -0.3028423 -0.447206 0.3339166 0.7725238  
																<TransformMatrix>: 0.3770131 0.786783 0.4887064 0 -0.2450514 0.5935726 -0.7665649 0 -0.8932027 0.1692467 0.4165868 0 -0.0820388 0 0 1  
																<Children>: 1
																	<Frame>: 18 0 Bip001_L_Forearm
																		<Transform>: -0.233183 0 7.629394E-08 -8.078399E-07 -1.56376E-06 48.64283 0.9999999 1 1 -1.204439E-08 -9.531785E-09 0.411855 0.9112494  
																		<TransformMatrix>: 0.6607509 0.7506051 7.45058E-09 0 -0.7506052 0.660751 -2.980232E-08 0 -2.729275E-08 1.409947E-08 1 0 -0.233183 0 7.629394E-08 1  
																		<Children>: 1
																			<Frame>: 19 0 Bip001_L_Hand
																				<Transform>: -0.1893204 0 -7.629394E-08 289.9987 163.5748 213.3293 1 1 1 -0.8001898 0.1540039 0.05070288 0.5774152  
																				<TransformMatrix>: 0.9474241 -0.1879114 -0.2589922 0 -0.3050179 -0.2857491 -0.9084666 0 0.0967045 0.9397005 -0.3280418 0 -0.1893204 0 -7.629394E-08 1  
																				<Children>: 5
																					<Frame>: 20 0 Bip001_L_Finger0
																						<Transform>: -0.05235947 0.02019997 -0.04804855 50.57317 332.2692 337.2404 1 1 1 0.4493005 -0.1305951 -0.07285785 0.8807756  
																						<TransformMatrix>: 0.9552734 -0.2456958 0.1645799 0 0.01098991 0.5856416 0.8104958 0 -0.2955202 -0.7724362 0.5621479 0 -0.05235947 0.02019997 -0.04804855 1  
																						<Children>: 1
																							<Frame>: 21 0 Bip001_L_Finger01
																								<Transform>: -0.02955215 -7.629394E-08 0 -3.416723E-06 4.136585E-07 345.9719 0.9999999 0.9999999 0.9999999 -3.00342E-08 -5.81549E-11 -0.1221132 0.9925162  
																								<TransformMatrix>: 0.9701767 -0.2423986 7.45058E-09 0 0.2423985 0.9701766 -5.960464E-08 0 7.219701E-09 5.963305E-08 0.9999999 0 -0.02955215 -7.629394E-08 0 1  
																								<Children>: 1
																									<Frame>: 22 0 Bip001_L_Finger02
																										<Transform>: -0.02955215 1.525879E-07 0 1.351085E-06 -1.044168E-06 322.3018 1 1 1 1.410205E-08 -4.814217E-09 -0.3230767 0.9463728  
																										<TransformMatrix>: 0.791243 -0.6115019 -8.881784E-16 0 0.6115019 0.791243 2.980232E-08 0 -1.822418E-08 -2.358088E-08 1 0 -0.02955215 1.525879E-07 0 1  
																										<Children>: 1
																											<Frame>: 23 0 Bip001_L_Finger0Nub
																												<Transform>: -0.02955219 0 0 0 8.537738E-07 0 0.9999999 0.9999999 0.9999999 0 7.450581E-09 0 1  
																												<TransformMatrix>: 0.9999999 0 -1.490116E-08 0 0 0.9999999 0 0 1.490116E-08 0 0.9999999 0 -0.02955219 0 0 1  
																												<Children>: 0
																											</Frame>
																									</Frame>
																							</Frame>
																					</Frame>
																					<Frame>: 24 0 Bip001_L_Finger1
																						<Transform>: -0.1279588 0.0003866386 -0.008810882 349.0518 5.018141 271.0495 1 1 1 -0.09853562 -0.03567536 -0.6937575 0.7125438  
																						<TransformMatrix>: 0.03485566 -0.9816346 0.1875602 0 0.9956958 0.0179826 -0.0909218 0 0.08587912 0.189922 0.978036 0 -0.1279588 0.0003866386 -0.008810882 1  
																						<Children>: 1
																							<Frame>: 25 0 Bip001_L_Finger11
																								<Transform>: -0.03546264 7.629394E-08 0 4.721668E-07 -7.426615E-07 316.4835 1 1 1 6.229306E-09 -4.491808E-09 -0.3706912 0.9287562  
																								<TransformMatrix>: 0.725176 -0.6885636 3.725291E-09 0 0.6885636 0.725176 1.490116E-08 0 -1.296189E-08 -8.240865E-09 1 0 -0.03546264 7.629394E-08 0 1  
																								<Children>: 1
																									<Frame>: 26 0 Bip001_L_Finger12
																										<Transform>: -0.02174087 0 0 -2.382093E-07 -1.183687E-06 303.6216 1 0.9999999 1 3.047345E-09 -1.008643E-08 -0.4723848 0.8813924  
																										<TransformMatrix>: 0.5537053 -0.8327129 1.490116E-08 0 0.8327127 0.5537052 1.490116E-08 0 -2.065924E-08 4.157536E-09 1 0 -0.02174087 0 0 1  
																										<Children>: 1
																											<Frame>: 27 0 Bip001_L_Finger1Nub
																												<Transform>: -0.01817345 -9.536743E-09 -7.629394E-08 0 0 1.600826E-07 1 1 1 0 0 1.396984E-09 1  
																												<TransformMatrix>: 1 2.793968E-09 0 0 -2.793968E-09 1 0 0 0 0 1 0 -0.01817345 -9.536743E-09 -7.629394E-08 1  
																												<Children>: 0
																											</Frame>
																									</Frame>
																							</Frame>
																					</Frame>
																					<Frame>: 28 0 Bip001_L_Finger2
																						<Transform>: -0.1228223 0.0004172516 0.01583023 348.7443 18.48258 269.107 0.9999999 1 1 -0.181794 0.04314984 -0.6889076 0.7003539  
																						<TransformMatrix>: 0.04708892 -0.9806468 0.1900381 0 0.9492695 -0.01528537 -0.3140927 0 0.3109188 0.1951877 0.9301781 0 -0.1228223 0.0004172516 0.01583023 1  
																						<Children>: 1
																							<Frame>: 29 0 Bip001_L_Finger21
																								<Transform>: -0.04137308 3.814697E-08 7.629394E-08 7.482556E-07 -1.293236E-06 300.0533 1 1 1 1.129472E-08 -6.514004E-09 -0.499597 0.866258  
																								<TransformMatrix>: 0.5008057 -0.8655599 8.881785E-16 0 0.8655598 0.5008056 2.607703E-08 0 -2.257123E-08 -1.305952E-08 1 0 -0.04137308 3.814697E-08 7.629394E-08 1  
																								<Children>: 1
																									<Frame>: 30 0 Bip001_L_Finger22
																										<Transform>: -0.02576256 1.907349E-08 0 9.511043E-07 4.840996E-07 296.9755 1 1 1 4.867844E-09 7.939788E-09 -0.5226809 0.8525284  
																										<TransformMatrix>: 0.4536095 -0.8912008 -1.862645E-08 0 0.8912006 0.4536094 0 0 8.449132E-09 -1.65999E-08 1 0 -0.02576256 1.907349E-08 0 1  
																										<Children>: 1
																											<Frame>: 31 0 Bip001_L_Finger2Nub
																												<Transform>: -0.02401169 1.907349E-08 0 -1.707548E-06 2.134434E-07 -5.336086E-08 0.9999999 0.9999999 0.9999999 -1.490116E-08 1.862645E-09 -4.656613E-10 1  
																												<TransformMatrix>: 0.9999999 -9.313226E-10 -3.72529E-09 0 9.313225E-10 0.9999999 -2.980232E-08 0 3.72529E-09 2.980232E-08 0.9999999 0 -0.02401169 1.907349E-08 0 1  
																												<Children>: 0
																											</Frame>
																									</Frame>
																							</Frame>
																					</Frame>
																					<Frame>: 32 0 Bip001_L_Finger3
																						<Transform>: -0.117561 0.01772394 0.04078384 347.1889 33.31006 267.908 0.9999999 1 1 -0.2792276 0.1207413 -0.6631967 0.6838301  
																						<TransformMatrix>: 0.09118324 -0.9744563 0.2052326 0 0.8395993 -0.0355959 -0.542039 0 0.5354987 0.2217381 0.8149071 0 -0.117561 0.01772394 0.04078384 1  
																						<Children>: 1
																							<Frame>: 33 0 Bip001_L_Finger31
																								<Transform>: -0.02679535 3.814697E-08 7.629394E-08 -1.812439E-06 -9.693689E-08 292.8782 1 1 1 -1.271223E-08 -9.448649E-09 -0.5528229 0.8332987  
																								<TransformMatrix>: 0.3887736 -0.9213333 2.980232E-08 0 0.9213333 0.3887736 -1.073931E-08 0 -1.691868E-09 3.163303E-08 1 0 -0.02679535 3.814697E-08 7.629394E-08 1  
																								<Children>: 1
																									<Frame>: 34 0 Bip001_L_Finger32
																										<Transform>: -0.02400646 -2.861023E-08 7.629394E-08 -1.195949E-06 -1.218779E-06 315.5417 1 1 1 -5.637286E-09 -1.379368E-08 -0.3783119 0.9256782  
																										<TransformMatrix>: 0.7137602 -0.7003903 2.980232E-08 0 0.7003903 0.7137602 0 0 -2.127171E-08 2.087325E-08 1 0 -0.02400646 -2.861023E-08 7.629394E-08 1  
																										<Children>: 1
																											<Frame>: 35 0 Bip001_L_Finger3Nub
																												<Transform>: -0.01825523 0 -7.629394E-08 0 -1.707547E-06 0 1 1 1 0 -1.490116E-08 0 1  
																												<TransformMatrix>: 1 0 2.980232E-08 0 0 1 0 0 -2.980232E-08 0 1 0 -0.01825523 0 -7.629394E-08 1  
																												<Children>: 0
																											</Frame>
																									</Frame>
																							</Frame>
																					</Frame>
																					<Frame>: 36 0 Bip001_L_Finger4
																						<Transform>: -0.1040885 0.02009117 0.05749916 350.3911 27.18353 254.0657 1 1 1 -0.235972 0.07604954 -0.7613532 0.5990618  
																						<TransformMatrix>: -0.1708845 -0.9480863 0.2681993 0 0.8763041 -0.2706829 -0.3985247 0 0.4504328 0.1669225 0.8770674 0 -0.1040885 0.02009117 0.05749916 1  
																						<Children>: 1
																							<Frame>: 37 0 Bip001_L_Finger41
																								<Transform>: -0.02741417 5.722046E-08 0 2.818069E-07 -3.206512E-07 311.3109 1 1 1 3.394048E-09 -1.53565E-09 -0.4122231 0.911083  
																								<TransformMatrix>: 0.6601443 -0.751139 0 0 0.751139 0.6601443 7.450581E-09 0 -5.59642E-09 -4.918458E-09 1 0 -0.02741417 5.722046E-08 0 1  
																								<Children>: 1
																									<Frame>: 38 0 Bip001_L_Finger42
																										<Transform>: -0.01790781 -4.768371E-08 0 -1.207102E-06 -2.762205E-08 316.3109 0.9999999 0.9999999 1 -9.687891E-09 -4.143319E-09 -0.3720899 0.9281967  
																										<TransformMatrix>: 0.7230982 -0.6907451 1.490116E-08 0 0.6907451 0.7230982 -1.490116E-08 0 -4.820957E-10 2.106791E-08 1 0 -0.01790781 -4.768371E-08 0 1  
																										<Children>: 1
																											<Frame>: 39 0 Bip001_L_Finger4Nub
																												<Transform>: -0.01431076 0 -7.629394E-08 8.537737E-07 -8.537735E-07 2.134434E-07 1 1 1 7.450581E-09 -7.45058E-09 1.862645E-09 1  
																												<TransformMatrix>: 1 3.72529E-09 1.490116E-08 0 -3.72529E-09 1 1.490116E-08 0 -1.490116E-08 -1.490116E-08 1 0 -0.01431076 0 -7.629394E-08 1  
																												<Children>: 0
																											</Frame>
																									</Frame>
																							</Frame>
																					</Frame>
																			</Frame>
																	</Frame>
															</Frame>
													</Frame>
													<Frame>: 40 0 Bip001_Neck
														<Transform>: -0.2645099 0.01924991 5.339154E-08 1.57741E-05 6.902663E-05 334.2554 1 1 1 8.860991E-14 6.178994E-07 -0.2227788 0.974869  
														<TransformMatrix>: 0.9007394 -0.4343604 -1.204742E-06 0 0.4343604 0.9007394 -2.753097E-07 0 1.204742E-06 -2.7531E-07 1 0 -0.2645099 0.01924991 5.339154E-08 1  
														<Children>: 1
															<Frame>: 41 0 Bip001_Head
																<Transform>: -0.02587562 -0.008749123 -1.110427E-08 3.738279E-06 -3.426617E-05 12.45227 0.9999999 0.9999999 1 -3.011595E-13 -3.00803E-07 0.1084528 0.9941016  
																<TransformMatrix>: 0.9764758 0.2156263 5.980573E-07 0 -0.2156263 0.9764758 -6.524647E-08 0 -5.980575E-07 -6.524528E-08 1 0 -0.02587562 -0.008749123 -1.110427E-08 1  
																<Children>: 1
																	<Frame>: 42 0 Bip001_HeadNub
																		<Transform>: -0.3387215 1.907349E-08 1.455191E-13 4.885332E-12 -6.513776E-12 2.206953E-32 1 1 0.9999999 4.263256E-14 -5.684342E-14 2.423381E-27 1  
																		<TransformMatrix>: 1 3.85186E-34 1.136868E-13 0 -9.693523E-27 1 8.526513E-14 0 -1.136868E-13 -8.526512E-14 0.9999999 0 -0.3387215 1.907349E-08 1.455191E-13 1  
																		<Children>: 0
																	</Frame>
															</Frame>
													</Frame>
													<Frame>: 43 0 Bip001_R_Clavicle
														<Transform>: -0.3130394 -0.001459194 -0.1880555 359.9832 89.67017 185.0003 1 1 1 0.704402 -0.03065303 0.7084596 -0.03103739  
														<TransformMatrix>: -0.005709053 -0.08716158 0.996178 0 0.0007933564 -0.9961941 -0.08715846 0 0.9999834 0.0002927259 0.005756497 0 -0.3130394 -0.001459194 -0.1880555 1  
														<Children>: 1
															<Frame>: 44 0 Bip001_R_UpperArm
																<Transform>: -0.08203878 -2.384186E-09 7.629394E-08 9.744025 64.99581 52.96801 1 1 0.9999999 0.3028423 0.447206 0.3339166 0.7725238  
																<TransformMatrix>: 0.3770131 0.786783 -0.4887064 0 -0.2450514 0.5935725 0.7665648 0 0.8932026 -0.1692467 0.4165867 0 -0.08203878 -2.384186E-09 7.629394E-08 1  
																<Children>: 1
																	<Frame>: 45 0 Bip001_R_Forearm
																		<Transform>: -0.233183 -7.629394E-08 -7.629394E-08 -1.281694E-06 1.128264E-06 48.64283 0.9999999 0.9999999 0.9999999 -6.137117E-09 1.357868E-08 0.411855 0.9112494  
																		<TransformMatrix>: 0.6607509 0.750605 -2.980232E-08 0 -0.750605 0.6607509 0 0 1.969191E-08 2.236978E-08 0.9999999 0 -0.233183 -7.629394E-08 -7.629394E-08 1  
																		<Children>: 1
																			<Frame>: 46 0 Bip001_R_Hand
																				<Transform>: -0.1893205 -7.629394E-08 0 70.00131 196.4252 213.3293 1 1 1 0.8001898 -0.1540039 0.05070288 0.5774152  
																				<TransformMatrix>: 0.9474241 -0.1879114 0.2589922 0 -0.3050179 -0.2857491 0.9084666 0 -0.0967045 -0.9397005 -0.3280418 0 -0.1893205 -7.629394E-08 0 1  
																				<Children>: 5
																					<Frame>: 47 0 Bip001_R_Finger0
																						<Transform>: -0.05235954 0.02019993 0.04804855 309.4268 27.73083 337.2404 1 1 1 -0.4493005 0.1305951 -0.07285785 0.8807756  
																						<TransformMatrix>: 0.9552734 -0.2456958 -0.1645799 0 0.0109899 0.5856416 -0.8104958 0 0.2955202 0.7724363 0.5621479 0 -0.05235954 0.02019993 0.04804855 1  
																						<Children>: 1
																							<Frame>: 48 0 Bip001_R_Finger01
																								<Transform>: -0.02955215 0 0 -1.7601E-06 -2.486685E-10 345.9719 1 0.9999999 0.9999999 -1.524455E-08 -1.877783E-09 -0.1221131 0.9925162  
																								<TransformMatrix>: 0.9701768 -0.2423986 7.450582E-09 0 0.2423985 0.9701767 -2.980233E-08 0 -4.340083E-12 3.071954E-08 0.9999999 0 -0.02955215 0 0 1  
																								<Children>: 1
																									<Frame>: 49 0 Bip001_R_Finger02
																										<Transform>: -0.02955215 7.629394E-08 -3.814697E-08 1.044168E-06 1.351085E-06 322.3018 1 1 1 4.814217E-09 1.410205E-08 -0.3230766 0.9463728  
																										<TransformMatrix>: 0.791243 -0.6115019 -2.980232E-08 0 0.6115019 0.791243 0 0 2.358088E-08 -1.822418E-08 1 0 -0.02955215 7.629394E-08 -3.814697E-08 1  
																										<Children>: 1
																											<Frame>: 50 0 Bip001_R_Finger0Nub
																												<Transform>: -0.02955221 -7.629394E-08 0 1.707547E-06 -2.091142E-22 180 -0.9999999 -1 -1 -9.12433E-25 -1.490116E-08 1 6.123234E-17  
																												<TransformMatrix>: 0.9999999 -1.224647E-16 0 0 1.224647E-16 1 2.980232E-08 0 3.649732E-24 2.980232E-08 -1 0 -0.02955221 -7.629394E-08 0 1  
																												<Children>: 0
																											</Frame>
																									</Frame>
																							</Frame>
																					</Frame>
																					<Frame>: 51 0 Bip001_R_Finger1
																						<Transform>: -0.1279588 0.0003866386 0.008810959 10.94823 354.9819 271.0495 1 1 1 0.09853562 0.03567537 -0.6937575 0.7125438  
																						<TransformMatrix>: 0.03485566 -0.9816346 -0.1875602 0 0.9956958 0.0179826 0.09092179 0 -0.08587912 -0.189922 0.9780361 0 -0.1279588 0.0003866386 0.008810959 1  
																						<Children>: 1
																							<Frame>: 52 0 Bip001_R_Finger11
																								<Transform>: -0.03546261 0 0 8.818163E-07 9.287041E-07 316.4835 0.9999999 0.9999999 0.9999999 4.142798E-09 1.037966E-08 -0.3706913 0.9287561  
																								<TransformMatrix>: 0.7251759 -0.6885636 -2.235174E-08 0 0.6885636 0.7251759 -8.881783E-16 0 1.620894E-08 -1.53906E-08 0.9999999 0 -0.03546261 0 0 1  
																								<Children>: 1
																									<Frame>: 53 0 Bip001_R_Finger12
																										<Transform>: -0.02174087 0 -7.629394E-08 -9.473177E-07 -1.172648E-07 303.6216 1 1 1 -6.802984E-09 -4.807115E-09 -0.4723848 0.8813924  
																										<TransformMatrix>: 0.5537052 -0.8327128 1.490116E-08 0 0.8327128 0.5537052 -7.450581E-09 0 -2.046656E-09 1.653381E-08 1 0 -0.02174087 0 -7.629394E-08 1  
																										<Children>: 1
																											<Frame>: 54 0 Bip001_R_Finger1Nub
																												<Transform>: -0.01817341 1.907349E-08 -7.629394E-08 0 0 180 -1 -1 -0.9999999 0 0 1 -6.123234E-17  
																												<TransformMatrix>: 1 1.224647E-16 0 0 -1.224647E-16 1 0 0 0 0 -0.9999999 0 -0.01817341 1.907349E-08 -7.629394E-08 1  
																												<Children>: 0
																											</Frame>
																									</Frame>
																							</Frame>
																					</Frame>
																					<Frame>: 55 0 Bip001_R_Finger2
																						<Transform>: -0.1228223 0.0004172706 -0.01583023 11.25569 341.5174 267.107 1 1 1 0.1825193 -0.03997054 -0.7010255 0.6882241  
																						<TransformMatrix>: 0.01393128 -0.9795161 -0.2008841 0 0.9503345 -0.04950012 0.3072692 0 -0.3109188 -0.1951877 0.9301783 0 -0.1228223 0.0004172706 -0.01583023 1  
																						<Children>: 1
																							<Frame>: 56 0 Bip001_R_Finger21
																								<Transform>: -0.04137306 0 0 -9.542258E-07 -2.479174E-08 298.0533 1 1 1 -7.028449E-09 -4.470998E-09 -0.5146392 0.8574069  
																								<TransformMatrix>: 0.470293 -0.8825105 1.490116E-08 0 0.8825105 0.470293 -7.450581E-09 0 -4.326975E-10 1.665438E-08 1 0 -0.04137306 0 0 1  
																								<Children>: 1
																									<Frame>: 57 0 Bip001_R_Finger22
																										<Transform>: -0.02576263 -3.814697E-08 0 -1.081468E-06 2.321808E-06 294.9755 1 1 1 -1.88487E-08 1.201361E-08 -0.5374799 0.8432766  
																										<TransformMatrix>: 0.4222308 -0.9064885 0 0 0.9064885 0.4222308 -4.470348E-08 0 4.052319E-08 1.887518E-08 1 0 -0.02576263 -3.814697E-08 0 1  
																										<Children>: 1
																											<Frame>: 58 0 Bip001_R_Finger2Nub
																												<Transform>: -0.02401173 0 -7.629394E-08 3.920892E-23 -3.201651E-07 180 -1 -1 -1 -2.793968E-09 -1.710812E-25 1 -6.123234E-17  
																												<TransformMatrix>: 1 1.224647E-16 5.587935E-09 0 -1.224647E-16 1 0 0 5.587935E-09 6.843248E-25 -1 0 -0.02401173 0 -7.629394E-08 1  
																												<Children>: 0
																											</Frame>
																									</Frame>
																							</Frame>
																					</Frame>
																					<Frame>: 59 0 Bip001_R_Finger3
																						<Transform>: -0.117561 0.01772392 -0.04078384 12.81113 326.6899 269.908 1 1 1 0.2770779 -0.1255961 -0.6511614 0.6953003  
																						<TransformMatrix>: 0.120429 -0.9751052 -0.1861908 0 0.8359056 -0.001566648 0.5488713 0 -0.5354989 -0.221738 0.8149071 0 -0.117561 0.01772392 -0.04078384 1  
																						<Children>: 1
																							<Frame>: 60 0 Bip001_R_Finger31
																								<Transform>: -0.02679528 0 0 8.756412E-07 2.170625E-06 294.8782 1 1 1 -3.754317E-09 2.00775E-08 -0.5381957 0.8428199  
																								<TransformMatrix>: 0.4206908 -0.9072041 -2.980232E-08 0 0.9072041 0.4206908 -2.793968E-08 0 3.788455E-08 -1.528282E-08 1 0 -0.02679528 0 0 1  
																								<Children>: 1
																									<Frame>: 61 0 Bip001_R_Finger32
																										<Transform>: -0.02400646 4.768371E-08 -7.629394E-08 1.259775E-06 -1.152686E-06 317.5417 1 1 1 1.388996E-08 -5.395694E-09 -0.3620989 0.9321397  
																										<TransformMatrix>: 0.7377688 -0.6750536 0 0 0.6750536 0.7377688 2.980232E-08 0 -2.011816E-08 -2.198722E-08 1 0 -0.02400646 4.768371E-08 -7.629394E-08 1  
																										<Children>: 1
																											<Frame>: 62 0 Bip001_R_Finger3Nub
																												<Transform>: -0.01825527 0 0 2.561321E-06 -3.136714E-22 180 -0.9999999 -1 -0.9999999 -1.36865E-24 -2.235174E-08 1 6.123234E-17  
																												<TransformMatrix>: 0.9999999 -1.224647E-16 0 0 1.224647E-16 1 4.470348E-08 0 5.474598E-24 4.470348E-08 -0.9999999 0 -0.01825527 0 0 1  
																												<Children>: 0
																											</Frame>
																									</Frame>
																							</Frame>
																					</Frame>
																					<Frame>: 63 0 Bip001_R_Finger4
																						<Transform>: -0.1040886 0.02009117 -0.05749908 9.608933 332.8165 250.0657 1 1 1 0.2384823 -0.06776793 -0.7817963 0.572126  
																						<TransformMatrix>: -0.231596 -0.9268951 -0.2953457 0 0.8622493 -0.3361588 0.3788454 0 -0.4504328 -0.1669225 0.8770673 0 -0.1040886 0.02009117 -0.05749908 1  
																						<Children>: 1
																							<Frame>: 64 0 Bip001_R_Finger41
																								<Transform>: -0.02741413 -1.907349E-08 7.629394E-08 2.264088E-07 -2.97087E-07 307.3109 1 1 1 2.921089E-09 -1.44652E-09 -0.4437683 0.8961416  
																								<TransformMatrix>: 0.6061395 -0.7953585 0 0 0.7953584 0.6061394 6.519258E-09 0 -5.185147E-09 -3.95158E-09 1 0 -0.02741413 -1.907349E-08 7.629394E-08 1  
																								<Children>: 1
																									<Frame>: 65 0 Bip001_R_Finger42
																										<Transform>: -0.0179079 -1.907349E-08 7.629394E-08 6.313684E-07 5.747203E-07 312.3109 1 1 1 3.011947E-09 6.81464E-09 -0.4042567 0.9146456  
																										<TransformMatrix>: 0.673153 -0.7395033 -1.490116E-08 0 0.7395033 0.673153 0 0 1.003076E-08 -1.101946E-08 1 0 -0.0179079 -1.907349E-08 7.629394E-08 1  
																										<Children>: 1
																											<Frame>: 66 0 Bip001_R_Finger4Nub
																												<Transform>: -0.01431074 -1.907349E-08 0 8.537737E-07 -1.045571E-22 180 -1 -1 -1 -4.562165E-25 -7.450581E-09 1 6.123234E-17  
																												<TransformMatrix>: 1 -1.224647E-16 0 0 1.224647E-16 1 1.490116E-08 0 1.824866E-24 1.490116E-08 -1 0 -0.01431074 -1.907349E-08 0 1  
																												<Children>: 0
																											</Frame>
																									</Frame>
																							</Frame>
																					</Frame>
																			</Frame>
																	</Frame>
															</Frame>
													</Frame>
											</Frame>
									</Frame>
							</Frame>
					</Frame>
			</Frame>
			<Frame>: 67 0 Boss_UpperBody
				<Transform>: 0 0 0.06925873 270 0 0 1 1 1 -0.7071068 0 0 0.7071068  
				<TransformMatrix>: 1 0 0 0 0 -1.192093E-07 -1 0 0 1 -1.192093E-07 0 0 0 0.06925873 1  
				<SkinningInfo>: Boss_UpperBody
					<BonesPerVertex>: 4
					<Bounds>: -0.2909905 0.3446591 -0.03037491 0.186156 0.436391 0.4712053
					<BoneNames>: 45 Bip001_Head Bip001_L_Clavicle Bip001_L_UpperArm Bip001_R_Clavicle Bip001_Spine Bip001_Spine1 Bip001_Spine2 Bip001_L_Forearm Bip001_L_Thigh Bip001_L_Hand Bip001_L_Finger0 Bip001_R_UpperArm Bip001_R_Forearm Bip001_R_Thigh Bip001_R_Hand Bip001_R_Finger0 Bip001_R_Finger01 Bip001_R_Finger2 Bip001_R_Finger3 Bip001_R_Finger1 Bip001_R_Finger4 Bip001_R_Finger11 Bip001_R_Finger21 Bip001_R_Finger02 Bip001_R_Finger41 Bip001_R_Finger12 Bip001_R_Finger22 Bip001_R_Finger31 Bip001_R_Finger32 Bip001_R_Finger42 Bip001_L_Finger2 Bip001_L_Finger3 Bip001_L_Finger1 Bip001_L_Finger4 Bip001_L_Finger01 Bip001_L_Finger11 Bip001_L_Finger21 Bip001_L_Finger02 Bip001_L_Finger41 Bip001_L_Finger12 Bip001_L_Finger22 Bip001_L_Finger31 Bip001_L_Finger32 Bip001_L_Finger42 Bip001_Neck  
					<BoneOffsets>: 45 3.119516E-07 1.438657E-06 -1 0 0.2275486 -0.9737667 -1.329932E-06 0 -0.9737667 -0.2275486 -6.311327E-07 0 1.174576 0.3016793 7.453334E-07 1 1 1.373701E-06 -4.401954E-08 0 -1.379522E-06 1 1.455192E-09 0 4.329195E-08 0 1 0 0.08956768 -0.04229037 -1.09442 1 0.7336469 -0.0147498 -0.6793706 0 -0.04872568 0.996049 -0.07424361 0 0.6777816 0.08757135 0.7300296 0 -0.6138189 -0.1404946 -0.9124041 1 -1 1.356238E-06 -4.35648E-08 0 1.379522E-06 1 0 0 4.383764E-08 0 -1 0 0.08956757 -0.04229037 1.09442 1 1.091701E-09 1.402694E-06 -1 0 0.0007963186 -0.9999998 -1.402692E-06 0 -0.9999997 -0.0007963157 -2.208631E-09 0 0.7132096 0.04293822 6.11173E-08 1 1.091588E-09 1.402694E-06 -1 0 0.0007963178 -0.9999997 -1.402692E-06 0 -0.9999996 -0.000796318 -2.208727E-09 0 0.8135281 0.04301811 6.133916E-08 1 1.091692E-09 1.402694E-06 -1 0 0.0007963172 -0.9999997 -1.402692E-06 0 -0.9999996 -0.0007963172 -2.208471E-09 0 0.9138464 0.04309799 6.156029E-08 1 0.7222539 -0.1296335 -0.6793707 0 0.1080991 0.9913639 -0.07424363 0 0.6831281 -0.01981661 0.7300297 0 -0.3979604 -0.07905632 -0.9124041 1 0.1031687 -0.007124513 0.9946383 0 -0.08633787 -0.9962641 0.001819222 0 0.9909097 -0.08606259 -0.1033984 0 -0.6209432 0.09656233 0.1650091 1 0.8292528 0.5435281 -0.1300663 0 0.1193492 0.05513388 0.9913204 0 0.5459815 -0.8375784 -0.01914968 0 -0.04703289 0.9347093 -0.07980072 1 0.6397259 0.2146628 -0.7380182 0 0.2732282 0.8339732 0.4794113 0 0.7183992 -0.508339 0.4748622 0 -0.2189479 0.5124509 -0.7258235 1 -0.733647 0.01475252 -0.6793706 0 -0.04872368 0.9960489 0.07424549 0 0.6777816 0.08757145 -0.7300295 0 -0.613819 -0.1404947 0.9124039 1 -0.7222535 0.1296362 -0.6793704 0 0.1081011 0.9913637 0.07424559 0 0.683128 -0.01981658 -0.7300298 0 -0.3979604 -0.07905638 0.9124039 1 -0.1031691 0.007121754 0.9946383 0 -0.0863375 -0.9962643 -0.001821996 0 0.9909097 -0.0860626 0.1033986 0 -0.6209431 0.09656234 -0.1650091 1 -0.8292523 -0.543528 -0.130069 0 0.1193514 0.05513536 -0.99132 0 0.5459815 -0.8375784 0.01914968 0 -0.04703295 0.9347093 0.07980072 1 -0.6397251 -0.2146606 -0.7380195 0 0.27323 0.8339738 -0.4794093 0 0.7183992 -0.5083392 -0.4748623 0 -0.2189479 0.5124508 0.7258236 1 -0.572755 -0.3567619 -0.7380194 0 0.07299271 0.8745506 -0.4794092 0 0.8164702 -0.3284541 -0.4748623 0 -0.3027532 0.4547715 0.7258234 1 0.1635509 -0.9561562 0.2429329 0 0.05268381 -0.2374322 -0.9699744 0 0.9851273 0.1714389 0.01154168 0 -0.8255067 0.4389155 -0.116973 1 0.339054 -0.8214241 0.4585901 0 0.07934723 -0.4607581 -0.8839718 0 0.9374149 0.336102 -0.09104411 0 -0.8806571 0.2538092 -0.1428331 1 0.1625171 -0.9855747 0.04723127 0 0.1369334 -0.02487645 -0.9902676 0 0.977158 0.167403 0.1309152 0 -0.8163876 0.4525937 -0.1149677 1 0.567597 -0.7451273 0.3501703 0 0.1353655 -0.3350729 -0.9324175 0 0.8121024 0.5766383 -0.08932178 0 -0.9245212 0.0231438 -0.05794883 1 0.5034123 -0.8627547 0.04723121 0 0.1367982 0.02560909 -0.9902679 0 0.8531486 0.5049742 0.1309152 0 -0.8910004 0.1442335 -0.1149678 1 0.7098655 -0.6611163 0.2429327 0 0.1858715 -0.156848 -0.9699744 0 0.6793694 0.7337056 0.01154166 0 -0.8896693 -0.1264948 -0.1169728 1 -0.2422886 -0.6297807 -0.7380194 0 -0.468529 0.7420561 -0.4794092 0 0.8495743 0.229628 -0.4748623 0 -0.4920117 0.1984451 0.7258235 1 0.907531 -0.2318805 0.3501703 0 0.3141182 -0.1786823 -0.9324176 0 0.2787786 0.9561927 -0.08932174 0 -0.7177238 -0.5387104 -0.05794859 1 0.8979818 -0.4374907 0.04723115 0 0.09949611 0.09731442 -0.9902679 0 0.4286368 0.8939416 0.1309152 0 -0.802821 -0.3631721 -0.1149677 1 0.9690782 -0.04325672 0.2429327 0 0.2432045 0.001054097 -0.9699745 0 0.04170185 0.9990634 0.0115417 0 -0.5758258 -0.6563234 -0.1169727 1 0.8526059 -0.2505166 0.4585903 0 0.4087932 -0.2268969 -0.8839717 0 0.3255022 0.941148 -0.09104417 0 -0.7328638 -0.5063689 -0.142833 1 0.8687117 0.1871763 0.4585902 0 0.4675227 -0.004069181 -0.8839718 0 -0.1635925 0.9823182 -0.09104414 0 -0.3808811 -0.7834653 -0.142833 1 0.8854614 0.3055146 0.3501703 0 0.3606148 0.02354852 -0.9324176 0 -0.2931131 0.9518963 -0.08932178 0 -0.2881418 -0.8348208 -0.05794871 1 -0.1635508 0.9561557 0.2429355 0 0.05268428 -0.2374347 0.9699739 0 0.9851273 0.1714389 -0.01154169 0 -0.8255065 0.4389156 0.116973 1 -0.3390538 0.821423 0.4585925 0 0.07934809 -0.4607604 0.8839705 0 0.9374149 0.336102 0.09104419 0 -0.8806571 0.2538093 0.142833 1 -0.1625167 0.9855747 0.04723384 0 0.1369338 -0.024879 0.9902678 0 0.9771579 0.167403 -0.1309152 0 -0.8163875 0.4525939 0.1149676 1 -0.5675966 0.7451264 0.3501729 0 0.1353671 -0.3350749 0.9324167 0 0.8121022 0.5766383 0.08932174 0 -0.9245212 0.02314392 0.05794895 1 0.5727553 0.3567643 -0.7380182 0 0.07299114 0.8745497 0.4794112 0 0.8164704 -0.328454 0.4748622 0 -0.3027531 0.4547714 -0.7258236 1 -0.5034119 0.8627546 0.04723389 0 0.1367996 0.0256068 0.9902679 0 0.8531485 0.5049742 -0.1309152 0 -0.8910004 0.1442336 0.1149676 1 -0.709865 0.661116 0.2429354 0 0.1858734 -0.1568498 0.9699739 0 0.6793694 0.7337056 -0.01154171 0 -0.8896693 -0.1264948 0.1169729 1 0.2422874 0.6297826 -0.7380181 0 -0.4685297 0.7420544 0.4794112 0 0.8495745 0.2296281 0.4748623 0 -0.4920117 0.1984451 -0.7258235 1 -0.9075301 0.23188 0.3501729 0 0.3141208 -0.1786829 0.9324167 0 0.2787786 0.9561924 0.08932178 0 -0.7177241 -0.5387102 0.05794883 1 -0.8979814 0.437491 0.04723386 0 0.09949857 0.09731324 0.9902676 0 0.4286368 0.8939415 -0.1309152 0 -0.802821 -0.3631721 0.1149677 1 -0.9690776 0.04325672 0.2429353 0 0.2432071 0.001053984 0.9699739 0 0.04170179 0.9990636 -0.01154172 0 -0.5758258 -0.6563234 0.1169728 1 -0.8526047 0.2505159 0.4585925 0 0.4087954 -0.2268977 0.8839704 0 0.3255022 0.941148 0.09104421 0 -0.732864 -0.5063689 0.1428329 1 -0.8687105 -0.1871763 0.4585926 0 0.4675251 -0.004068704 0.8839704 0 -0.1635925 0.982318 0.09104416 0 -0.3808813 -0.7834652 0.1428331 1 -0.8854604 -0.3055145 0.3501729 0 0.3606173 0.02354938 0.9324167 0 -0.2931131 0.9518963 0.08932178 0 -0.288142 -0.8348207 0.05794883 1 5.96451E-07 1.539245E-06 -1 0 0.4350775 -0.900393 -1.126423E-06 0 -0.9003931 -0.4350775 -1.206731E-06 0 1.056139 0.5358632 1.428295E-06 1  
